#nages
8
#nyrs
30
#npops_EM
1
#nregions_EM
 1
#nfleets_EM
 1
#nfleets_survey_EM
 1
#npops_OM
1
#nregions_OM
 2
#nfleets_OM
 1
#nfleets_survey_OM
 1
#tsurvey_EM
 0.5
#diagnostics_switch
0
#fleets_as_areas_switch
0
#move_switch
0
#natal_homing_switch
0
#spawn_return_switch
0
#select_switch
1
#select_switch_survey
1
#maturity_switch_equil
0
#SSB_type
2
#Rec_type
1
#apportionment_type
1
#use_stock_comp_info_survey
0
#use_stock_comp_info_catch
0
#F_switch
1
#recruit_devs_switch
1
#recruit_randwalk_switch
0
#init_abund_switch
0
#input_q_switch_EM
1
#tspawn_EM
 0.85
#return_age
7
#return_probability
 1
#spawn_return_prob
 1
#do_tag
0
#do_tag_mult
1
#sigma_recruit_EM
 0.84
#ph_lmr
2
#lb_R_ave
5
#ub_R_ave
30
#ph_rec
2
#lb_rec_devs
-40
#ub_rec_devs
10
#ph_rec_app_CNST
-4
#ph_rec_app_YR
-4
#ph_abund_devs
3
#ph_reg_init
-2
#ph_non_natal_init
-1
#lb_abund_devs
-40
#ub_abund_devs
10
#ph_F
4
#ph_steep
-1
#ph_M
-1
#ph_sel_log
5
#lb_sel_beta1
-10
#ub_sel_beta1
5
#lb_sel_beta2
-10
#ub_sel_beta2
5
#lb_sel_beta1_surv
-10
#ub_sel_beta1_surv
5
#lb_sel_beta2_surv
-10
#ub_sel_beta2_surv
5
#ph_sel_log_surv
5
#ph_sel_dubl
-5
#ph_sel_dubl_surv
-5
#ph_q
1
#lb_q
-15
#ub_q
5
#ph_F_rho
-1
#ph_T_YR
-4
#ph_T_CNST
-4
#ph_dummy
-1
#wt_surv
1
#wt_catch
1
#wt_fish_age
1
#wt_srv_age
1
#wt_rec
0.1
#wt_tag
0
#abund_pen_switch
0
#move_pen_switch
0
#Tpen
-5
#Tpen2
5
#input_weight
 0.0199601 0.0399997 0.0899996 0.11 0.139999 0.179999 0.189998 0.209998
 0 0.0399998 0.0899996 0.11 0.139999 0.179999 0.189998 0.209998
 0.01999 0.0399992 0.0899998 0.11 0.139999 0.179999 0.189998 0.209999
 0.0199956 0.0399998 0.0899991 0.11 0.139999 0.179999 0.189998 0.209999
 0 0.0399995 0.0899998 0.109999 0.139999 0.179999 0.189998 0.209999
 0.019995 0.0399996 0.0899993 0.11 0.139999 0.179999 0.189998 0.209999
 0.019995 0.0399999 0.0899996 0.109999 0.139999 0.179995 0.189998 0.209998
 0 0.0399998 0.0899998 0.109999 0.139997 0.179998 0.189988 0.209998
 0 0.0399992 0.0899998 0.11 0.139998 0.179995 0.189998 0.209996
 0 0.039998 0.0899992 0.11 0.14 0.179997 0.189991 0.209996
 0.0199964 0.0399996 0.0899988 0.109999 0.14 0.179999 0.189995 0.209997
 0.019992 0.0399999 0.0899995 0.109998 0.139999 0.179999 0.189999 0.209997
 0.019995 0.0399998 0.0899999 0.109999 0.139996 0.179996 0.189998 0.209998
 0 0.0399999 0.0899997 0.11 0.139997 0.179989 0.189983 0.209998
 0 0.0399996 0.0899999 0.11 0.139999 0.179995 0.189971 0.209993
 0.0199969 0.0399999 0.0899995 0.11 0.139999 0.179998 0.189976 0.209986
 0.0199601 0.0399999 0.0899997 0.109999 0.139999 0.179997 0.189993 0.209972
 0.01998 0.0399999 0.0899998 0.11 0.139997 0.179998 0.189992 0.209979
 0.01999 0.0399998 0.0899998 0.11 0.139999 0.179987 0.189996 0.209978
 0.01999 0.0399997 0.0899998 0.11 0.139999 0.179995 0.189986 0.209989
 0.019996 0.0399998 0.0899997 0.11 0.139999 0.179998 0.189988 0.209982
 0.0199943 0.0399999 0.0899998 0.109999 0.139999 0.179998 0.189996 0.20999
 0.0199956 0.0399998 0.0899997 0.11 0.139999 0.179998 0.189996 0.209992
 0.0199601 0.0399999 0.0899997 0.11 0.139999 0.179996 0.189994 0.209995
 0.0199867 0.0399993 0.0899998 0.11 0.139999 0.179998 0.189994 0.209996
 0.019995 0.0399998 0.0899993 0.11 0.139999 0.179998 0.189997 0.209995
 0.0199971 0.0399994 0.0899998 0.109999 0.14 0.179998 0.189997 0.209996
 0.0199601 0.0399999 0.0899985 0.11 0.139997 0.179999 0.189995 0.209996
 0 0.0399997 0.0899999 0.109999 0.139999 0.179994 0.189998 0.209995
 0.0199601 0.0399993 0.0899997 0.11 0.139997 0.179998 0.189992 0.209998
#input_catch_weight
 0.0149701 0.0479996 0.0939996 0.125 0.153999 0.173999 0.183998 0.183998
 0 0.0479997 0.0939996 0.125 0.153999 0.173999 0.183998 0.183999
 0.0149925 0.047999 0.0939997 0.124999 0.153999 0.173999 0.183998 0.183999
 0.0149967 0.0479997 0.093999 0.125 0.153999 0.173999 0.183998 0.183999
 0 0.0479994 0.0939998 0.124999 0.153999 0.173999 0.183998 0.183999
 0.0149962 0.0479996 0.0939993 0.125 0.153998 0.173999 0.183998 0.183999
 0.0149962 0.0479999 0.0939996 0.124999 0.153999 0.173995 0.183998 0.183998
 0 0.0479998 0.0939998 0.124999 0.153997 0.173998 0.183988 0.183998
 0 0.0479991 0.0939998 0.125 0.153998 0.173995 0.183998 0.183996
 0 0.0479976 0.0939992 0.125 0.154 0.173998 0.183991 0.183997
 0.0149973 0.0479995 0.0939987 0.124999 0.154 0.174 0.183996 0.183997
 0.014994 0.0479999 0.0939995 0.124998 0.153998 0.173999 0.183999 0.183998
 0.0149962 0.0479997 0.0939998 0.124999 0.153996 0.173996 0.183998 0.183998
 0 0.0479999 0.0939997 0.125 0.153997 0.173989 0.183984 0.183998
 0 0.0479995 0.0939999 0.124999 0.153999 0.173995 0.183972 0.183994
 0.0149977 0.0479998 0.0939994 0.125 0.153999 0.173998 0.183977 0.183988
 0.0149701 0.0479999 0.0939997 0.124999 0.153999 0.173997 0.183994 0.183975
 0.014985 0.0479998 0.0939998 0.125 0.153997 0.173998 0.183993 0.183982
 0.0149925 0.0479998 0.0939998 0.125 0.153999 0.173987 0.183996 0.183981
 0.0149925 0.0479997 0.0939998 0.125 0.153999 0.173995 0.183986 0.18399
 0.014997 0.0479998 0.0939996 0.125 0.153999 0.173998 0.183988 0.183984
 0.0149957 0.0479998 0.0939998 0.124999 0.153999 0.173998 0.183996 0.183991
 0.0149967 0.0479998 0.0939997 0.125 0.153999 0.173998 0.183996 0.183993
 0.0149701 0.0479999 0.0939997 0.125 0.153999 0.173997 0.183994 0.183995
 0.01499 0.0479991 0.0939998 0.125 0.153999 0.173998 0.183994 0.183996
 0.0149962 0.0479998 0.0939993 0.125 0.153999 0.173998 0.183997 0.183996
 0.0149979 0.0479993 0.0939998 0.124999 0.154 0.173998 0.183997 0.183997
 0.0149701 0.0479999 0.0939985 0.125 0.153997 0.173999 0.183996 0.183996
 0 0.0479997 0.0939999 0.124998 0.153999 0.173995 0.183998 0.183996
 0.0149701 0.0479991 0.0939997 0.125 0.153997 0.173999 0.183992 0.183998
#fecundity
 0.998004 0.999992 0.999996 0.999996 0.999995 0.999995 0.999991 0.999989
 0 0.999994 0.999996 0.999996 0.999995 0.999994 0.999989 0.999992
 0.9995 0.99998 0.999997 0.999996 0.999995 0.999993 0.99999 0.999994
 0.999778 0.999994 0.999989 0.999998 0.999995 0.999992 0.999988 0.999994
 0 0.999987 0.999998 0.999989 0.999996 0.999993 0.999989 0.999994
 0.99975 0.999991 0.999992 0.999998 0.999989 0.999995 0.999989 0.999994
 0.99975 0.999997 0.999995 0.999993 0.999996 0.99997 0.99999 0.999992
 0 0.999996 0.999998 0.999993 0.999981 0.999991 0.999935 0.999988
 0 0.999981 0.999998 0.999998 0.999989 0.999973 0.999988 0.999979
 0 0.99995 0.999991 0.999998 0.999998 0.999986 0.999951 0.999983
 0.999818 0.99999 0.999986 0.999994 0.999998 0.999997 0.999976 0.999984
 0.9996 0.999998 0.999994 0.999985 0.999989 0.999996 0.999993 0.999986
 0.99975 0.999995 0.999998 0.999992 0.999972 0.999977 0.999991 0.999991
 0 0.999997 0.999997 0.999998 0.999979 0.999939 0.999913 0.999989
 0 0.99999 0.999998 0.999996 0.999995 0.999972 0.999846 0.999966
 0.999846 0.999997 0.999994 0.999998 0.999993 0.999989 0.999875 0.999933
 0.998004 0.999998 0.999997 0.999994 0.999996 0.999982 0.999965 0.999867
 0.999001 0.999997 0.999998 0.999996 0.99998 0.99999 0.99996 0.9999
 0.9995 0.999996 0.999998 0.999997 0.99999 0.999926 0.999978 0.999895
 0.9995 0.999993 0.999998 0.999997 0.999994 0.999971 0.999926 0.999947
 0.9998 0.999996 0.999996 0.999997 0.999996 0.99999 0.999937 0.999913
 0.999714 0.999996 0.999997 0.999995 0.999996 0.99999 0.999979 0.999953
 0.999778 0.999996 0.999997 0.999997 0.999992 0.999991 0.999981 0.999964
 0.998004 0.999997 0.999997 0.999997 0.999992 0.99998 0.999967 0.999975
 0.999334 0.999982 0.999998 0.999996 0.999994 0.999988 0.999969 0.99998
 0.99975 0.999996 0.999992 0.999998 0.999994 0.99999 0.999984 0.999976
 0.999857 0.999984 0.999998 0.999991 0.999997 0.999989 0.999985 0.999982
 0.998004 0.999998 0.999984 0.999997 0.999982 0.999995 0.999976 0.99998
 0 0.999993 0.999998 0.999988 0.999995 0.999969 0.999988 0.999978
 0.998004 0.999982 0.999997 0.999998 0.999981 0.999992 0.999956 0.99999
#maturity
 0.0788423 0.354997 0.799997 0.949997 0.987995 0.997995 0.999991 0.999989
 0 0.354998 0.799997 0.949996 0.987995 0.997994 0.999989 0.999992
 0.0789605 0.354993 0.799998 0.949996 0.987995 0.997993 0.99999 0.999994
 0.0789824 0.354998 0.799992 0.949998 0.987995 0.997992 0.999988 0.999994
 0 0.354996 0.799998 0.94999 0.987996 0.997993 0.999989 0.999994
 0.0789802 0.354997 0.799994 0.949998 0.98799 0.997995 0.999989 0.999994
 0.0789802 0.354999 0.799996 0.949993 0.987996 0.99797 0.99999 0.999992
 0 0.354999 0.799999 0.949994 0.987981 0.997991 0.999935 0.999988
 0 0.354993 0.799998 0.949998 0.987989 0.997973 0.999988 0.999979
 0 0.354982 0.799993 0.949998 0.987998 0.997986 0.999951 0.999983
 0.0789856 0.354996 0.799989 0.949995 0.987998 0.997997 0.999976 0.999984
 0.0789684 0.354999 0.799996 0.949986 0.98799 0.997996 0.999993 0.999986
 0.0789802 0.354998 0.799999 0.949992 0.987973 0.997977 0.999991 0.999991
 0 0.354999 0.799998 0.949998 0.98798 0.997939 0.999913 0.999989
 0 0.354997 0.799999 0.949996 0.987995 0.997972 0.999846 0.999966
 0.0789878 0.354999 0.799995 0.949998 0.987993 0.997989 0.999875 0.999933
 0.0788423 0.354999 0.799998 0.949994 0.987996 0.997982 0.999965 0.999867
 0.0789211 0.354999 0.799998 0.949996 0.98798 0.99799 0.99996 0.9999
 0.0789605 0.354999 0.799998 0.949997 0.987991 0.997926 0.999978 0.999895
 0.0789605 0.354998 0.799998 0.949997 0.987994 0.997971 0.999926 0.999947
 0.0789842 0.354998 0.799997 0.949998 0.987996 0.99799 0.999937 0.999913
 0.0789774 0.354999 0.799998 0.949995 0.987996 0.99799 0.999979 0.999953
 0.0789824 0.354999 0.799998 0.949997 0.987992 0.997991 0.999981 0.999964
 0.0788423 0.354999 0.799997 0.949997 0.987992 0.99798 0.999967 0.999975
 0.0789474 0.354993 0.799999 0.949997 0.987994 0.997988 0.999969 0.99998
 0.0789802 0.354999 0.799994 0.949998 0.987994 0.99799 0.999984 0.999976
 0.0789887 0.354994 0.799998 0.949992 0.987997 0.997989 0.999985 0.999982
 0.0788423 0.354999 0.799987 0.949998 0.987982 0.997995 0.999976 0.99998
 0 0.354997 0.799999 0.949988 0.987995 0.997969 0.999988 0.999978
 0.0788423 0.354994 0.799997 0.949998 0.987982 0.997992 0.999956 0.99999
#prop_fem
 0.499872 0.437497 0.499965 0.499983 0.437497 0.499981 0.49998 0.437493 0.437494 0.437491 0.499984 0.499971 0.499979 0.437488 0.437485 0.499977 0.499863 0.499926 0.499955 0.499958 0.499977 0.499976 0.499981 0.499869 0.499953 0.49998 0.499986 0.49987 0.437494 0.499869
#OBS_rec_index_BM
 2.31439e+006 477021 1.6672e+006 215650 768466 1.44561e+006 479029 396122 50300.8 383642 2.03092e+006 930781 293609 711124 493354 4.7566e+006 1.63709e+006 1.04481e+006 649296 962288 1.72037e+006 463162 966830 846695 2.27764e+006 631129 3.8946e+006 3.87173e+006 1.1188e+006 1.52425e+006
#OBS_survey_fleet
 9.52971 9.98218 9.8233 9.4724 7.66808 6.64642 6.14024 7.95097 8.54326 7.3241 5.02624 4.07655 3.78759 3.61411 3.49821 2.55127 2.56576 3.55685 4.16585 4.3137 4.29002 4.44805 4.74758 6.16357 8.66986 9.01446 9.38667 9.96859 12.4654 14.7648
#OBS_survey_fleet_bio_se_EM
 0.05
 0.05
 0.05
 0.05
 0.05
 0.05
 0.05
 0.05
 0.05
 0.05
 0.05
 0.05
 0.05
 0.05
 0.05
 0.05
 0.05
 0.05
 0.05
 0.05
 0.05
 0.05
 0.05
 0.05
 0.05
 0.05
 0.05
 0.05
 0.05
 0.05

#OBS_survey_prop
 0.0159204 0.0917244 0.226764 0.231965 0.197715 0.0997417 0.0893773 0.0467918
 0 0.120922 0.20569 0.2202 0.163078 0.134422 0.0657917 0.0898956
 0.0200135 0.0548772 0.28963 0.210775 0.13415 0.112724 0.0733185 0.104513
 0.00554244 0.159264 0.0790363 0.298121 0.174526 0.110668 0.0668277 0.106015
 0 0.0548164 0.339586 0.113819 0.209144 0.0966756 0.0632517 0.122708
 0.046071 0.0922151 0.128668 0.358277 0.0657199 0.141832 0.0581034 0.109114
 0.0281554 0.304173 0.192271 0.0773287 0.190117 0.0334672 0.0792804 0.095208
 0 0.171936 0.533574 0.11024 0.0436032 0.0686258 0.0112259 0.0607965
 0 0.0282842 0.419337 0.377553 0.0805694 0.0224547 0.0341097 0.0376912
 0 0.0206866 0.0820059 0.464525 0.314156 0.0415744 0.0227525 0.0542996
 0.0462878 0.0807218 0.065198 0.130348 0.348916 0.224125 0.050492 0.0539121
 0.0286648 0.321875 0.162988 0.0527205 0.0713277 0.201385 0.11815 0.0428896
 0.0558141 0.151004 0.504239 0.0943902 0.0296838 0.0310982 0.0702765 0.0634942
 0 0.287095 0.258121 0.341436 0.0357625 0.0115029 0.0147491 0.0513339
 0 0.0875218 0.543391 0.174972 0.136416 0.0257699 0.00203426 0.0298947
 0.0485189 0.190961 0.165513 0.458657 0.0713673 0.0528194 0.00543883 0.00672402
 0.0511601 0.294549 0.293141 0.125523 0.160027 0.0444593 0.025357 0.00578367
 0.0319763 0.226424 0.456597 0.160378 0.0445627 0.061178 0.00888114 0.0100032
 0.013946 0.206866 0.36857 0.313374 0.059798 0.00848967 0.0182555 0.0107001
 0.0358857 0.107818 0.358619 0.281486 0.143338 0.03932 0.010858 0.0226753
 0.0288005 0.151453 0.226207 0.314122 0.16859 0.0826204 0.0152514 0.0129558
 0.0368632 0.203562 0.314136 0.157468 0.167726 0.0710587 0.0287135 0.020472
 0.0741132 0.180852 0.342499 0.203818 0.0710304 0.0650663 0.0421014 0.0205199
 0.010016 0.294119 0.261353 0.223997 0.109719 0.0340429 0.0331037 0.0336491
 0.0299362 0.0452336 0.461037 0.219569 0.150193 0.0517838 0.0186789 0.023568
 0.0100033 0.208495 0.106777 0.421514 0.132948 0.0666084 0.0322754 0.0213789
 0.0634733 0.0483063 0.396487 0.0856435 0.23308 0.0950627 0.0333821 0.0445654
 0.0301447 0.340242 0.0823264 0.330669 0.0434158 0.114127 0.0272583 0.0318166
 0 0.130893 0.530381 0.0572448 0.159012 0.0284311 0.0658446 0.028193
 0.00993641 0.0383766 0.252155 0.45976 0.045798 0.11085 0.0223361 0.0607882
#OBS_survey_prop_N_EM
 500
 500
 500
 500
 500
 500
 500
 500
 500
 500
 500
 500
 500
 500
 500
 500
 500
 500
 500
 500
 500
 500
 500
 500
 500
 500
 500
 500
 500
 500

#OBS_yield_fleet
 19010.9 31826 34865.9 40826.5 66523.4 49737.7 56823.2 55865.1 77818.9 86337.9 39237.6 45429.7 51916.1 68342.3 102603 43492.9 39699.6 46130.8 55433.2 54299.1 45837.8 49851.8 36478.4 25042.9 18326 56568.6 61493.3 89469.4 21508.5 50518.5
#OBS_yield_fleet_se_EM
 0.01
 0.01
 0.01
 0.01
 0.01
 0.01
 0.01
 0.01
 0.01
 0.01
 0.01
 0.01
 0.01
 0.01
 0.01
 0.01
 0.01
 0.01
 0.01
 0.01
 0.01
 0.01
 0.01
 0.01
 0.01
 0.01
 0.01
 0.01
 0.01
 0.01

#OBS_catch_prop
 0.0019836 0.0969138 0.19208 0.226293 0.169477 0.151337 0.0901439 0.0717712
 0 0.132126 0.197343 0.20433 0.158875 0.131344 0.0751986 0.100784
 0.00199089 0.040084 0.291375 0.181787 0.154105 0.112634 0.083355 0.134669
 0.00376101 0.133844 0.0756827 0.335478 0.148785 0.105152 0.0692459 0.128052
 0 0.0631304 0.320988 0.0736349 0.218834 0.106669 0.0732336 0.143511
 0.0049758 0.0899745 0.103895 0.352982 0.0756276 0.153666 0.0745092 0.14437
 0.00397993 0.318003 0.171273 0.110295 0.195859 0.0271442 0.0772371 0.0962085
 0 0.202199 0.469759 0.120088 0.0425273 0.0844513 0.0124184 0.0685572
 0 0.0412201 0.35297 0.395648 0.072648 0.0299697 0.0695819 0.0379618
 0 0.0159716 0.0936816 0.448113 0.320536 0.0578974 0.0164102 0.0473899
 0.0045377 0.0765793 0.059202 0.14086 0.349483 0.283944 0.0342282 0.051166
 0.00198481 0.329302 0.143429 0.0541769 0.0756596 0.219018 0.117133 0.059297
 0.00393362 0.153889 0.49338 0.0987328 0.0284165 0.0372856 0.0893319 0.0950305
 0 0.276555 0.262877 0.326596 0.0393427 0.0133022 0.00976017 0.0715665
 0 0.082216 0.51901 0.190017 0.1498 0.029925 0.00563563 0.0233956
 0.00563338 0.242337 0.134949 0.410762 0.114098 0.0739105 0.00643359 0.0118774
 0.00197486 0.326503 0.275362 0.123799 0.191365 0.0448475 0.027572 0.00857617
 0.0039393 0.235853 0.407196 0.200377 0.04172 0.0825229 0.020506 0.00788569
 0.00199198 0.204107 0.362767 0.291009 0.0838926 0.0109982 0.0363175 0.00891687
 0.00198715 0.113885 0.386508 0.300429 0.139732 0.0284031 0.0112647 0.0177914
 0.00398157 0.184606 0.211703 0.313537 0.183831 0.0793678 0.0131901 0.00978318
 0.00370133 0.223292 0.300555 0.154927 0.178184 0.0830541 0.0388118 0.0174744
 0.00376211 0.199303 0.278878 0.26504 0.0980248 0.091251 0.0411009 0.0226404
 0.00198497 0.308479 0.243143 0.24305 0.104273 0.0401775 0.0242907 0.0346015
 0.00595011 0.0432797 0.455158 0.220741 0.14016 0.0667709 0.0282472 0.039693
 0.00398523 0.206535 0.102868 0.396602 0.123595 0.0844729 0.0490811 0.0328604
 0.00570944 0.0515771 0.409887 0.0915452 0.272639 0.0727868 0.0522709 0.0435847
 0.00198221 0.354077 0.050342 0.317784 0.0438209 0.158747 0.0335246 0.0397226
 0 0.111376 0.52668 0.0643989 0.167481 0.0254814 0.0674344 0.0371473
 0.00197673 0.0450186 0.241222 0.473632 0.0445232 0.0977206 0.0182563 0.0776504
#OBS_catch_prop_N_EM
 500
 500
 500
 500
 500
 500
 500
 500
 500
 500
 500
 500
 500
 500
 500
 500
 500
 500
 500
 500
 500
 500
 500
 500
 500
 500
 500
 500
 500
 500

#nyrs_release
30
#years_of_tag_releases 
 1 2 3 4 5 6 7 8 9 10 11 12 13 14 15 16 17 18 19 20 21 22 23 24 25 26 27 28 29 30
#max_life_tags
5
#report_rate_EM
 1
 1
 1
 1
 1
 1
 1
 1
 1
 1
 1
 1
 1
 1
 1
 1
 1
 1
 1
 1
 1
 1
 1
 1
 1
 1
 1
 1
 1
 1
#ntags
 0 0 0 0 0 0 0 0
 0 0 0 0 0 0 0 0
 0 0 0 0 0 0 0 0
 0 0 0 0 0 0 0 0
 0 0 0 0 0 0 0 0
 0 0 0 0 0 0 0 0
 0 0 0 0 0 0 0 0
 0 0 0 0 0 0 0 0
 0 0 0 0 0 0 0 0
 0 0 0 0 0 0 0 0
 0 0 0 0 0 0 0 0
 0 0 0 0 0 0 0 0
 0 0 0 0 0 0 0 0
 0 0 0 0 0 0 0 0
 0 0 0 0 0 0 0 0
 0 0 0 0 0 0 0 0
 0 0 0 0 0 0 0 0
 0 0 0 0 0 0 0 0
 0 0 0 0 0 0 0 0
 0 0 0 0 0 0 0 0
 0 0 0 0 0 0 0 0
 0 0 0 0 0 0 0 0
 0 0 0 0 0 0 0 0
 0 0 0 0 0 0 0 0
 0 0 0 0 0 0 0 0
 0 0 0 0 0 0 0 0
 0 0 0 0 0 0 0 0
 0 0 0 0 0 0 0 0
 0 0 0 0 0 0 0 0
 0 0 0 0 0 0 0 0
#ntags_total
 0 0 0 0 0 0 0 0 0 0 0 0 0 0 0 0 0 0 0 0 0 0 0 0 0 0 0 0 0 0
#tag_N_EM
 500 500 500 500 500 500 500 500
 500 500 500 500 500 500 500 500
 500 500 500 500 500 500 500 500
 500 500 500 500 500 500 500 500
 500 500 500 500 500 500 500 500
 500 500 500 500 500 500 500 500
 500 500 500 500 500 500 500 500
 500 500 500 500 500 500 500 500
 500 500 500 500 500 500 500 500
 500 500 500 500 500 500 500 500
 500 500 500 500 500 500 500 500
 500 500 500 500 500 500 500 500
 500 500 500 500 500 500 500 500
 500 500 500 500 500 500 500 500
 500 500 500 500 500 500 500 500
 500 500 500 500 500 500 500 500
 500 500 500 500 500 500 500 500
 500 500 500 500 500 500 500 500
 500 500 500 500 500 500 500 500
 500 500 500 500 500 500 500 500
 500 500 500 500 500 500 500 500
 500 500 500 500 500 500 500 500
 500 500 500 500 500 500 500 500
 500 500 500 500 500 500 500 500
 500 500 500 500 500 500 500 500
 500 500 500 500 500 500 500 500
 500 500 500 500 500 500 500 500
 500 500 500 500 500 500 500 500
 500 500 500 500 500 500 500 500
 500 500 500 500 500 500 500 500

#input_T_EM
 1
 1
 1
 1
 1
 1
 1
 1


#OBS_tag_prop_pan_final
 0 0 0 0 0 0
 0 0 0 0 0 0
 0 0 0 0 0 0
 0 0 0 0 0 0
 0 0 0 0 0 0
 0 0 0 0 0 0
 0 0 0 0 0 0
 0 0 0 0 0 0
 0 0 0 0 0 0
 0 0 0 0 0 0
 0 0 0 0 0 0
 0 0 0 0 0 0
 0 0 0 0 0 0
 0 0 0 0 0 0
 0 0 0 0 0 0
 0 0 0 0 0 0
 0 0 0 0 0 0
 0 0 0 0 0 0
 0 0 0 0 0 0
 0 0 0 0 0 0
 0 0 0 0 0 0
 0 0 0 0 0 0
 0 0 0 0 0 0
 0 0 0 0 0 0
 0 0 0 0 0 0
 0 0 0 0 0 0
 0 0 0 0 0 0
 0 0 0 0 0 0
 0 0 0 0 0 0
 0 0 0 0 0 0
 0 0 0 0 0 0
 0 0 0 0 0 0
 0 0 0 0 0 0
 0 0 0 0 0 0
 0 0 0 0 0 0
 0 0 0 0 0 0
 0 0 0 0 0 0
 0 0 0 0 0 0
 0 0 0 0 0 0
 0 0 0 0 0 0
 0 0 0 0 0 0
 0 0 0 0 0 0
 0 0 0 0 0 0
 0 0 0 0 0 0
 0 0 0 0 0 0
 0 0 0 0 0 0
 0 0 0 0 0 0
 0 0 0 0 0 0
 0 0 0 0 0 0
 0 0 0 0 0 0
 0 0 0 0 0 0
 0 0 0 0 0 0
 0 0 0 0 0 0
 0 0 0 0 0 0
 0 0 0 0 0 0
 0 0 0 0 0 0
 0 0 0 0 0 0
 0 0 0 0 0 0
 0 0 0 0 0 0
 0 0 0 0 0 0
 0 0 0 0 0 0
 0 0 0 0 0 0
 0 0 0 0 0 0
 0 0 0 0 0 0
 0 0 0 0 0 0
 0 0 0 0 0 0
 0 0 0 0 0 0
 0 0 0 0 0 0
 0 0 0 0 0 0
 0 0 0 0 0 0
 0 0 0 0 0 0
 0 0 0 0 0 0
 0 0 0 0 0 0
 0 0 0 0 0 0
 0 0 0 0 0 0
 0 0 0 0 0 0
 0 0 0 0 0 0
 0 0 0 0 0 0
 0 0 0 0 0 0
 0 0 0 0 0 0
 0 0 0 0 0 0
 0 0 0 0 0 0
 0 0 0 0 0 0
 0 0 0 0 0 0
 0 0 0 0 0 0
 0 0 0 0 0 0
 0 0 0 0 0 0
 0 0 0 0 0 0
 0 0 0 0 0 0
 0 0 0 0 0 0
 0 0 0 0 0 0
 0 0 0 0 0 0
 0 0 0 0 0 0
 0 0 0 0 0 0
 0 0 0 0 0 0
 0 0 0 0 0 0
 0 0 0 0 0 0
 0 0 0 0 0 0
 0 0 0 0 0 0
 0 0 0 0 0 0
 0 0 0 0 0 0
 0 0 0 0 0 0
 0 0 0 0 0 0
 0 0 0 0 0 0
 0 0 0 0 0 0
 0 0 0 0 0 0
 0 0 0 0 0 0
 0 0 0 0 0 0
 0 0 0 0 0 0
 0 0 0 0 0 0
 0 0 0 0 0 0
 0 0 0 0 0 0
 0 0 0 0 0 0
 0 0 0 0 0 0
 0 0 0 0 0 0
 0 0 0 0 0 0
 0 0 0 0 0 0
 0 0 0 0 0 0
 0 0 0 0 0 0
 0 0 0 0 0 0
 0 0 0 0 0 0
 0 0 0 0 0 0
 0 0 0 0 0 0
 0 0 0 0 0 0
 0 0 0 0 0 0
 0 0 0 0 0 0
 0 0 0 0 0 0
 0 0 0 0 0 0
 0 0 0 0 0 0
 0 0 0 0 0 0
 0 0 0 0 0 0
 0 0 0 0 0 0
 0 0 0 0 0 0
 0 0 0 0 0 0
 0 0 0 0 0 0
 0 0 0 0 0 0
 0 0 0 0 0 0
 0 0 0 0 0 0
 0 0 0 0 0 0
 0 0 0 0 0 0
 0 0 0 0 0 0
 0 0 0 0 0 0
 0 0 0 0 0 0
 0 0 0 0 0 0
 0 0 0 0 0 0
 0 0 0 0 0 0
 0 0 0 0 0 0
 0 0 0 0 0 0
 0 0 0 0 0 0
 0 0 0 0 0 0
 0 0 0 0 0 0
 0 0 0 0 0 0
 0 0 0 0 0 0
 0 0 0 0 0 0
 0 0 0 0 0 0
 0 0 0 0 0 0
 0 0 0 0 0 0
 0 0 0 0 0 0
 0 0 0 0 0 0
 0 0 0 0 0 0
 0 0 0 0 0 0
 0 0 0 0 0 0
 0 0 0 0 0 0
 0 0 0 0 0 0
 0 0 0 0 0 0
 0 0 0 0 0 0
 0 0 0 0 0 0
 0 0 0 0 0 0
 0 0 0 0 0 0
 0 0 0 0 0 0
 0 0 0 0 0 0
 0 0 0 0 0 0
 0 0 0 0 0 0
 0 0 0 0 0 0
 0 0 0 0 0 0
 0 0 0 0 0 0
 0 0 0 0 0 0
 0 0 0 0 0 0
 0 0 0 0 0 0
 0 0 0 0 0 0
 0 0 0 0 0 0
 0 0 0 0 0 0
 0 0 0 0 0 0
 0 0 0 0 0 0
 0 0 0 0 0 0
 0 0 0 0 0 0
 0 0 0 0 0 0
 0 0 0 0 0 0
 0 0 0 0 0 0
 0 0 0 0 0 0
 0 0 0 0 0 0
 0 0 0 0 0 0
 0 0 0 0 0 0
 0 0 0 0 0 0
 0 0 0 0 0 0
 0 0 0 0 0 0
 0 0 0 0 0 0
 0 0 0 0 0 0
 0 0 0 0 0 0
 0 0 0 0 0 0
 0 0 0 0 0 0
 0 0 0 0 0 0
 0 0 0 0 0 0
 0 0 0 0 0 0
 0 0 0 0 0 0
 0 0 0 0 0 0
 0 0 0 0 0 0
 0 0 0 0 0 0
 0 0 0 0 0 0
 0 0 0 0 0 0
 0 0 0 0 0 0
 0 0 0 0 0 0
 0 0 0 0 0 0
 0 0 0 0 0 0
 0 0 0 0 0 0
 0 0 0 0 0 0
 0 0 0 0 0 0
 0 0 0 0 0 0
 0 0 0 0 0 0
 0 0 0 0 0 0
 0 0 0 0 0 0
 0 0 0 0 0 0
 0 0 0 0 0 0
 0 0 0 0 0 0
 0 0 0 0 0 0
 0 0 0 0 0 0
 0 0 0 0 0 0
 0 0 0 0 0 0
 0 0 0 0 0 0
 0 0 0 0 0 0
 0 0 0 0 0 0
 0 0 0 0 0 0
 0 0 0 0 0 0
 0 0 0 0 0 0
 0 0 0 0 0 0
 0 0 0 0 0 0
 0 0 0 0 0 0
 0 0 0 0 0 0
 0 0 0 0 0 0
 0 0 0 0 0 0
#input_q_EM
 3.48e-005
#input_M_EM
 0.35 0.35 0.35 0.35 0.35 0.35 0.35 0.35
#input_abund_EM
 3.20875e+006 2.26117e+006 1.59342e+006 1.12286e+006 791268 557599 392932 276895

#input_Rec_Prop_EM
 1 1 1 1 1 1 1 1 1 1 1 1 1 1 1 1 1 1 1 1 1 1 1 1 1 1 1 1 1 1
#input_selectivity_EM
 0.01
 0.18
 0.5
 0.8
 0.9
 1
 1
 1

#input_survey_selectivity_EM
 0.03
 0.2
 0.63
 0.92
 0.98
 1
 1
 1

#input_M_TRUE
 0.35 0.35 0.35 0.35 0.35 0.35 0.35 0.35
#init_abund_TRUE
 1.60438e+006 1.13058e+006 796710 561432 395634 278800 196466 138448
 1.60438e+006 1.13058e+006 796710 561432 395634 278800 196466 138448
#q_survey
 3.48e-005
 3.48e-005
#sel_beta1
 0.8
 0.8
#sel_beta2
 4.4
 4.4
#sel_beta3
 -0.6
 -0.6
#sel_beta4
 20
 20
#sel_beta1_survey
 2
 2
#sel_beta2_survey
 2.7
 2.7
#sel_beta3_survey
 -0.6
 -0.6
#sel_beta4_survey
 20
 20
#steep
 1
#R_ave
 3.20875e+006
#SSB_zero
 375209
#rec_devs
 1.1509 0.30614 1.0536 0.32082 0.521702 1.73167 1.41265 0.259722 0.108654 0.246318 0.958629 0.559891 1.11704 0.258968 0.468085 0.846799 0.842279 0.808544 0.398755 0.680194 0.790289 0.817946 1.66327 0.369046 1.60815 0.328947 2.79811 1.38535 0.535705 0.734493
#Rec_Prop
 0.5 0.5 0.5 0.5 0.5 0.5 0.5 0.5 0.5 0.5 0.5 0.5 0.5 0.5 0.5 0.5 0.5 0.5 0.5 0.5 0.5 0.5 0.5 0.5 0.5 0.5 0.5 0.5 0.5 0.5
 0.5 0.5 0.5 0.5 0.5 0.5 0.5 0.5 0.5 0.5 0.5 0.5 0.5 0.5 0.5 0.5 0.5 0.5 0.5 0.5 0.5 0.5 0.5 0.5 0.5 0.5 0.5 0.5 0.5 0.5
#recruits_BM
 1.60438e+006 491163 1.69036e+006 514715 837006 2.77825e+006 2.26642e+006 416691 174322 395187 1.538e+006 898276 1.79215e+006 415482 750983 1.35858e+006 1.35133e+006 1.29721e+006 639753 1.09129e+006 1.26792e+006 1.31229e+006 2.6685e+006 592089 2.58008e+006 527754 4.48921e+006 2.22262e+006 859471 1.1784e+006
 1.60438e+006 491163 1.69036e+006 514715 837006 2.77825e+006 2.26642e+006 416691 174322 395187 1.538e+006 898276 1.79215e+006 415482 750983 1.35858e+006 1.35133e+006 1.29721e+006 639753 1.09129e+006 1.26792e+006 1.31229e+006 2.6685e+006 592089 2.58008e+006 527754 4.48921e+006 2.22262e+006 859471 1.1784e+006
#recruits_BM_misallocated_data
 2.00386e+006 613462 2.11126e+006 642879 1.04542e+006 3.47003e+006 2.83076e+006 520447 217728 493588 1.92096e+006 1.12195e+006 2.2384e+006 518937 937978 1.69687e+006 1.68781e+006 1.62021e+006 799052 1.36302e+006 1.58363e+006 1.63905e+006 3.33296e+006 739519 3.22251e+006 659165 5.60703e+006 2.77605e+006 1.07348e+006 1.47183e+006
#F
 0.0007 0.0126 0.035 0.056 0.063 0.07 0.07 0.07
 0.00117812 0.0212061 0.0589059 0.0942494 0.106031 0.117812 0.117812 0.117812
 0.0012831 0.0230958 0.0641549 0.102648 0.115479 0.12831 0.12831 0.12831
 0.00164258 0.0295664 0.0821288 0.131406 0.147832 0.164258 0.164258 0.164258
 0.00295033 0.0531059 0.147516 0.236026 0.265529 0.295033 0.295033 0.295033
 0.00233214 0.0419785 0.116607 0.186571 0.209892 0.233214 0.233214 0.233214
 0.0034743 0.0625374 0.173715 0.277944 0.312687 0.34743 0.34743 0.34743
 0.00260403 0.0468725 0.130201 0.208322 0.234363 0.260403 0.260403 0.260403
 0.00336053 0.0604896 0.168027 0.268843 0.302448 0.336053 0.336053 0.336053
 0.0040187 0.0723366 0.200935 0.321496 0.361683 0.40187 0.40187 0.40187
 0.00218487 0.0393277 0.109244 0.17479 0.196639 0.218487 0.218487 0.218487
 0.00403957 0.0727123 0.201979 0.323166 0.363561 0.403957 0.403957 0.403957
 0.00499533 0.089916 0.249767 0.399627 0.44958 0.499533 0.499533 0.499533
 0.00635115 0.114321 0.317558 0.508092 0.571604 0.635115 0.635115 0.635115
 0.0125176 0.225318 0.625882 1.00141 1.12659 1.25176 1.25176 1.25176
 0.00573543 0.103238 0.286772 0.458835 0.516189 0.573543 0.573543 0.573543
 0.0053037 0.0954666 0.265185 0.424296 0.477333 0.53037 0.53037 0.53037
 0.00502837 0.0905106 0.251418 0.402269 0.452553 0.502837 0.502837 0.502837
 0.00504385 0.0907892 0.252192 0.403508 0.453946 0.504385 0.504385 0.504385
 0.00446044 0.0802879 0.223022 0.356835 0.40144 0.446044 0.446044 0.446044
 0.0039485 0.0710729 0.197425 0.31588 0.355365 0.39485 0.39485 0.39485
 0.00429811 0.077366 0.214906 0.343849 0.38683 0.429811 0.429811 0.429811
 0.00288174 0.0518714 0.144087 0.230539 0.259357 0.288174 0.288174 0.288174
 0.00167907 0.0302232 0.0839533 0.134325 0.151116 0.167907 0.167907 0.167907
 0.000407677 0.00733819 0.0203839 0.0326142 0.036691 0.0407677 0.0407677 0.0407677
 0.00201582 0.0362847 0.100791 0.161265 0.181424 0.201582 0.201582 0.201582
 0.00206293 0.0371328 0.103147 0.165034 0.185664 0.206293 0.206293 0.206293
 0.00416705 0.0750069 0.208352 0.333364 0.375034 0.416705 0.416705 0.416705
 0.0007 0.0126 0.035 0.056 0.063 0.07 0.07 0.07
 0.0007 0.0126 0.035 0.056 0.063 0.07 0.07 0.07
 0.0007 0.0126 0.035 0.056 0.063 0.07 0.07 0.07
 0.00102732 0.0184917 0.0513659 0.0821855 0.0924587 0.102732 0.102732 0.102732
 0.0012524 0.0225432 0.0626199 0.100192 0.112716 0.12524 0.12524 0.12524
 0.00162293 0.0292128 0.0811467 0.129835 0.146064 0.162293 0.162293 0.162293
 0.0028393 0.0511075 0.141965 0.227144 0.255537 0.28393 0.28393 0.28393
 0.00368223 0.0662802 0.184112 0.294579 0.331401 0.368223 0.368223 0.368223
 0.00243539 0.0438371 0.12177 0.194831 0.219185 0.243539 0.243539 0.243539
 0.00306723 0.0552101 0.153362 0.245378 0.276051 0.306723 0.306723 0.306723
 0.00292347 0.0526225 0.146174 0.233878 0.263113 0.292347 0.292347 0.292347
 0.00548534 0.0987361 0.274267 0.438827 0.493681 0.548534 0.548534 0.548534
 0.0057697 0.103855 0.288485 0.461576 0.519273 0.57697 0.57697 0.57697
 0.00432718 0.0778893 0.216359 0.346175 0.389447 0.432718 0.432718 0.432718
 0.00476382 0.0857487 0.238191 0.381105 0.428744 0.476382 0.476382 0.476382
 0.00584675 0.105241 0.292337 0.46774 0.526207 0.584675 0.584675 0.584675
 0.00463382 0.0834087 0.231691 0.370705 0.417043 0.463382 0.463382 0.463382
 0.00583041 0.104947 0.291521 0.466433 0.524737 0.583041 0.583041 0.583041
 0.00554068 0.0997322 0.277034 0.443254 0.498661 0.554068 0.554068 0.554068
 0.00520387 0.0936696 0.260193 0.416309 0.468348 0.520387 0.520387 0.520387
 0.00490929 0.0883672 0.245464 0.392743 0.441836 0.490929 0.490929 0.490929
 0.00534889 0.09628 0.267445 0.427911 0.4814 0.534889 0.534889 0.534889
 0.00402586 0.0724655 0.201293 0.322069 0.362327 0.402586 0.402586 0.402586
 0.00409727 0.0737509 0.204864 0.327782 0.368755 0.409727 0.409727 0.409727
 0.00227386 0.0409295 0.113693 0.181909 0.204648 0.227386 0.227386 0.227386
 0.0007 0.0126 0.035 0.056 0.063 0.07 0.07 0.07
 0.00234713 0.0422483 0.117357 0.18777 0.211242 0.234713 0.234713 0.234713
 0.00268184 0.0482731 0.134092 0.214547 0.241365 0.268184 0.268184 0.268184
 0.00318481 0.0573267 0.159241 0.254785 0.286633 0.318481 0.318481 0.318481
 9.0242e-005 0.00162436 0.0045121 0.00721936 0.00812178 0.0090242 0.0090242 0.0090242
 0.000457774 0.00823993 0.0228887 0.0366219 0.0411996 0.0457774 0.0457774 0.0457774
 0.00347254 0.0625058 0.173627 0.277804 0.312529 0.347254 0.347254 0.347254
#Fyear
 0.07
 0.117812
 0.12831
 0.164258
 0.295033
 0.233214
 0.34743
 0.260403
 0.336053
 0.40187
 0.218487
 0.403957
 0.499533
 0.635115
 1.25176
 0.573543
 0.53037
 0.502837
 0.504385
 0.446044
 0.39485
 0.429811
 0.288174
 0.167907
 0.0407677
 0.201582
 0.206293
 0.416705
 0.07
 0.07
 0.07
 0.102732
 0.12524
 0.162293
 0.28393
 0.368223
 0.243539
 0.306723
 0.292347
 0.548534
 0.57697
 0.432718
 0.476382
 0.584675
 0.463382
 0.583041
 0.554068
 0.520387
 0.490929
 0.534889
 0.402586
 0.409727
 0.227386
 0.07
 0.234713
 0.268184
 0.318481
 0.0090242
 0.0457774
 0.347254
#biomass_AM
 382747 381657 379999 347627 330002 309215 347972 375123 345905 259007 206928 208647 229600 219615 204070 142300 167850 204694 214891 211916 207739 225140 267735 301954 373545 393384 466857 506247 521751 529657
 382747 381657 383145 350485 332279 312248 332441 378692 341582 263388 191780 169801 207434 210662 204232 189583 192188 215748 218656 214464 202024 220950 266975 307430 391328 373652 440396 468417 581137 584774
#biomass_population
 765495 763315 763144 698111 662281 621463 680413 753815 687488 522395 398708 378448 437034 430277 408302 331882 360038 420442 433547 426380 409763 446089 534710 609384 764873 767036 907254 974664 1.10289e+006 1.11443e+006
#catch_at_age_fleet_prop
 0.00140747 0.102478 0.198501 0.221625 0.175127 0.136676 0.0963138 0.0678713
 0.000421137 0.134311 0.189462 0.205485 0.158651 0.122686 0.0858524 0.103132
 0.00153562 0.0435237 0.267294 0.209097 0.155541 0.117164 0.0810282 0.124815
 0.000489964 0.15648 0.0848657 0.287098 0.153527 0.111179 0.074853 0.131507
 0.000910097 0.053833 0.321641 0.0938405 0.214506 0.110816 0.0715842 0.132869
 0.00353088 0.102829 0.113402 0.359255 0.069487 0.152732 0.0698652 0.128899
 0.00266808 0.313195 0.16824 0.0979543 0.206844 0.0384175 0.0750332 0.0976477
 0.000388289 0.203675 0.441774 0.124227 0.0474713 0.0959866 0.0157379 0.0707394
 0.000161103 0.0369099 0.35678 0.407233 0.0760218 0.0278662 0.0499903 0.0450378
 0.000496357 0.0208689 0.0866495 0.431285 0.321778 0.0572163 0.0185266 0.0631787
 0.0028058 0.0697655 0.0542502 0.117446 0.380817 0.271696 0.0425117 0.060707
 0.00175945 0.287132 0.130805 0.0534452 0.0771288 0.239787 0.152143 0.0577998
 0.00339556 0.160896 0.466241 0.106739 0.028067 0.0382788 0.104707 0.0916749
 0.000713216 0.287556 0.235219 0.3312 0.047741 0.0117355 0.0140018 0.0718336
 0.00165592 0.0814195 0.515026 0.186485 0.158027 0.0206946 0.00441326 0.0322793
 0.00401118 0.20807 0.165623 0.446309 0.0886627 0.0670547 0.00730977 0.0129606
 0.00345861 0.327799 0.295772 0.114355 0.192301 0.0356961 0.0235106 0.00710718
 0.00256817 0.252798 0.42013 0.186196 0.0453171 0.0714704 0.0115844 0.00993632
 0.00108597 0.208053 0.35998 0.29524 0.0827608 0.0189211 0.0261003 0.00785914
 0.0018963 0.105545 0.358333 0.308144 0.160185 0.0422736 0.00845247 0.0151704
 0.00229645 0.18847 0.188309 0.32317 0.178317 0.0877544 0.0203252 0.0113579
 0.00229153 0.210522 0.310122 0.157348 0.174548 0.0913214 0.039563 0.0142839
 0.004107 0.194306 0.325934 0.246809 0.0809401 0.0854627 0.0392802 0.0231612
 0.000665182 0.291385 0.259673 0.233279 0.117583 0.0371998 0.034793 0.0254208
 0.00238791 0.0538419 0.457962 0.227125 0.139362 0.0686197 0.0193612 0.0313391
 0.000427939 0.202847 0.0877636 0.415297 0.142563 0.0854212 0.0377719 0.0279081
 0.00379511 0.043231 0.386993 0.090559 0.288894 0.0959759 0.0511909 0.0393605
 0.00168434 0.323923 0.0675586 0.317922 0.0496669 0.151941 0.0449217 0.0423827
 0.000544628 0.137992 0.50102 0.0554546 0.170709 0.0256502 0.0689889 0.0396406
 0.000670925 0.0479688 0.237152 0.485314 0.0372273 0.112395 0.0151426 0.0641291
 0.00140747 0.102478 0.198501 0.221625 0.175127 0.136676 0.0963138 0.0678713
 0.000418977 0.133791 0.189152 0.205575 0.158829 0.122908 0.0860079 0.103319
 0.00152037 0.0431035 0.265548 0.208824 0.156064 0.117752 0.0815574 0.12563
 0.000485677 0.155137 0.0842097 0.286004 0.153837 0.111952 0.0755108 0.132863
 0.000900668 0.0533247 0.319232 0.0933862 0.214483 0.111517 0.0724 0.134756
 0.00366055 0.105416 0.114223 0.356876 0.0689399 0.151476 0.0697812 0.129627
 0.00273853 0.32419 0.17259 0.0977585 0.199903 0.0369595 0.0716014 0.0942583
 0.000388754 0.203165 0.44581 0.125744 0.0474754 0.0933272 0.0153235 0.068766
 0.000160704 0.0369501 0.356536 0.410738 0.0764565 0.027668 0.0481275 0.0433638
 0.00051394 0.021349 0.0874873 0.429994 0.324263 0.0573022 0.0183641 0.0607255
 0.00350435 0.0845631 0.0608487 0.120962 0.371963 0.262028 0.0403873 0.0557433
 0.00222495 0.362038 0.154036 0.0544689 0.067797 0.195518 0.119922 0.0439958
 0.0037629 0.178636 0.516415 0.110178 0.0249725 0.0293523 0.0743504 0.0623336
 0.000728085 0.294784 0.243832 0.346045 0.0467644 0.00994143 0.0102367 0.0476687
 0.00133651 0.0700928 0.497815 0.201289 0.178397 0.0225713 0.00417587 0.024323
 0.00283016 0.146866 0.134401 0.469787 0.1206 0.100333 0.0111297 0.0140525
 0.00296365 0.280335 0.251973 0.111482 0.242536 0.0580908 0.0420633 0.0105573
 0.00244745 0.240558 0.397106 0.17419 0.0482784 0.0982974 0.0205281 0.0185951
 0.00106822 0.204875 0.354034 0.288 0.079703 0.0207399 0.0368949 0.0146845
 0.00192545 0.106385 0.357507 0.304368 0.156742 0.0407274 0.00927611 0.0230694
 0.00238187 0.195329 0.191883 0.320515 0.172341 0.0835487 0.0189508 0.0150506
 0.00232864 0.214285 0.316095 0.157873 0.170372 0.0868945 0.0370668 0.0150849
 0.00404784 0.192485 0.326926 0.250799 0.0814589 0.0839919 0.0376781 0.0226134
 0.00063449 0.280253 0.256184 0.238695 0.12368 0.0390589 0.0357981 0.0256968
 0.00240004 0.0532524 0.447914 0.225651 0.144634 0.0729615 0.0206601 0.0325275
 0.000462914 0.218147 0.0902999 0.40508 0.136453 0.0842598 0.0377665 0.0275311
 0.0042342 0.0477793 0.415668 0.0906306 0.269752 0.0871895 0.0477458 0.0370008
 0.00163477 0.325215 0.0705783 0.334374 0.0486347 0.140421 0.0401337 0.0390093
 0.000480588 0.122089 0.478388 0.0593262 0.196919 0.0282143 0.0732806 0.041302
 0.000666935 0.0465945 0.222256 0.474837 0.0404704 0.130326 0.0167648 0.0680842
#yield_fleet
 15421.4
 26200.3
 27982.2
 33366.6
 53317.5
 36034.7
 48912.5
 43588.9
 63885.1
 64320.5
 25912.3
 37665.3
 43157.8
 55397.9
 91453.4
 31341.9
 30070.6
 36475.9
 44720.6
 42622.5
 36860.1
 40141.7
 30009.5
 22541.8
 7517.34
 43154.2
 45522.8
 89819.2
 17981.7
 22482.7
 15421.4
 22979.9
 27629.8
 33331.6
 51967.5
 54760.9
 32916.8
 51107.9
 55622.8
 84693.5
 53822.6
 28920.5
 34816.7
 48696.8
 42593.9
 48695.3
 39951.6
 41265.8
 44883.1
 50466.7
 35955.3
 37347.4
 24011.5
 9978.19
 43374.8
 52394
 61695.9
 1982.06
 13705.8
 113852
#survey_at_age_fleet_prop
 0.0215124 0.100464 0.220523 0.224563 0.167978 0.120366 0.0848205 0.0597721
 0.00655183 0.134016 0.214116 0.211685 0.154685 0.109804 0.0768383 0.0923036
 0.0233011 0.0423561 0.294584 0.210036 0.147865 0.102238 0.0707055 0.108914
 0.00771374 0.157993 0.0969962 0.298929 0.151258 0.100524 0.0676799 0.118905
 0.0139567 0.0529336 0.357382 0.0947878 0.204857 0.0970424 0.0626867 0.116354
 0.0530735 0.0991155 0.123624 0.35641 0.0652042 0.131474 0.0601409 0.110958
 0.0402785 0.303133 0.183859 0.0972179 0.19402 0.0330293 0.0645096 0.0839523
 0.00578983 0.194743 0.47755 0.122152 0.0441434 0.0818658 0.0134226 0.0603328
 0.00240908 0.0353872 0.386292 0.400519 0.0706702 0.0237457 0.0425983 0.0383781
 0.00772841 0.0208303 0.0975704 0.440548 0.310509 0.0505823 0.0163785 0.0558533
 0.043676 0.0696417 0.0612594 0.120719 0.370269 0.242361 0.0379216 0.0541523
 0.0277328 0.290131 0.1491 0.0552613 0.0753372 0.214571 0.136144 0.0517217
 0.0489914 0.148785 0.485562 0.100613 0.0249704 0.0311695 0.0852602 0.0746486
 0.0108171 0.279429 0.25674 0.32601 0.0442892 0.00994869 0.01187 0.0608964
 0.0246937 0.0776235 0.542727 0.173086 0.13691 0.0162131 0.00345754 0.025289
 0.0584004 0.194125 0.173782 0.423043 0.0792605 0.0548187 0.0059759 0.0105956
 0.0502454 0.305195 0.309954 0.108381 0.171967 0.0292066 0.0192365 0.00581511
 0.0370602 0.233808 0.437585 0.175513 0.0403168 0.0581939 0.00943244 0.00809053
 0.016024 0.196757 0.383367 0.284548 0.0752808 0.0157516 0.0217282 0.00654266
 0.0277357 0.0989525 0.378712 0.295138 0.144882 0.0350138 0.0070009 0.0125651
 0.0342521 0.180209 0.203149 0.316313 0.164889 0.0743459 0.0172196 0.00962247
 0.0339259 0.199792 0.331868 0.152652 0.159934 0.0766383 0.0332018 0.0119873
 0.0587259 0.178149 0.337715 0.232507 0.0720954 0.0698056 0.0320839 0.018918
 0.0099906 0.280669 0.283125 0.231696 0.110504 0.0320834 0.0300076 0.0219244
 0.0341915 0.04945 0.476779 0.215732 0.125321 0.0566613 0.0159871 0.0258776
 0.00660234 0.200696 0.0982481 0.423299 0.137468 0.0755761 0.0334186 0.0246916
 0.0547045 0.0399618 0.40473 0.0862266 0.260222 0.0793191 0.0423066 0.0325294
 0.0259824 0.320314 0.075347 0.321545 0.0474483 0.132963 0.0393108 0.037089
 0.00801652 0.130279 0.536023 0.054112 0.157687 0.0217541 0.0585098 0.0336194
 0.0100834 0.0462404 0.25906 0.48353 0.0351111 0.0973289 0.0131128 0.0555329
 0.0215124 0.100464 0.220523 0.224563 0.167978 0.120366 0.0848205 0.0597721
 0.0065169 0.133473 0.213763 0.211814 0.154896 0.110037 0.0770013 0.0924993
 0.0230831 0.0419718 0.292842 0.2099 0.148462 0.102822 0.0712165 0.109701
 0.00764958 0.156706 0.096291 0.297936 0.151639 0.101276 0.0683096 0.120193
 0.0138187 0.0524597 0.354939 0.0944097 0.205025 0.0977554 0.0634655 0.118127
 0.0551554 0.10183 0.124543 0.353237 0.0644804 0.129835 0.0598118 0.111108
 0.0411334 0.31225 0.187981 0.0968818 0.187372 0.0317774 0.0615621 0.0810422
 0.00579629 0.194224 0.481513 0.123439 0.0440601 0.0794137 0.0130391 0.0585142
 0.00239902 0.0353681 0.385652 0.403904 0.0710861 0.0235887 0.0410317 0.0369704
 0.0080517 0.0214341 0.0988317 0.439105 0.312383 0.0504974 0.0161833 0.0535141
 0.0546514 0.0845084 0.0683836 0.122794 0.356104 0.229399 0.035358 0.0488018
 0.0343883 0.358687 0.172074 0.0551599 0.064842 0.171265 0.105046 0.0385383
 0.0532704 0.162092 0.527949 0.102006 0.0218269 0.0234866 0.0594923 0.0498769
 0.0109688 0.284574 0.264666 0.339215 0.0432287 0.00840296 0.0086525 0.0402918
 0.019406 0.0652348 0.522126 0.19125 0.160036 0.0185393 0.00342991 0.019978
 0.0422794 0.140591 0.144667 0.45669 0.110558 0.084105 0.00932953 0.0117796
 0.0439097 0.266171 0.26916 0.107635 0.220893 0.0483944 0.0350422 0.00879508
 0.0356754 0.224729 0.417636 0.165724 0.0433434 0.0807526 0.0168642 0.0152761
 0.0158062 0.1943 0.378195 0.278516 0.0727559 0.0173293 0.0308277 0.0122697
 0.0282564 0.100054 0.37842 0.291338 0.141555 0.0336515 0.00766449 0.0190613
 0.0354649 0.186442 0.206617 0.313075 0.159029 0.0706291 0.0160204 0.0127233
 0.0343853 0.202841 0.337506 0.152888 0.155856 0.0728195 0.0310628 0.0126415
 0.0578171 0.176306 0.338696 0.236477 0.0726513 0.0687219 0.0308281 0.0185022
