#nages
8
#nyrs
30
#npops_EM
1
#nregions_EM
 1
#nfleets_EM
 1
#nfleets_survey_EM
 1
#npops_OM
1
#nregions_OM
 2
#nfleets_OM
 1
#nfleets_survey_OM
 1
#tsurvey_EM
 0.5
#diagnostics_switch
0
#fleets_as_areas_switch
0
#move_switch
0
#natal_homing_switch
0
#spawn_return_switch
0
#select_switch
1
#select_switch_survey
1
#maturity_switch_equil
0
#SSB_type
2
#Rec_type
1
#apportionment_type
1
#use_stock_comp_info_survey
0
#use_stock_comp_info_catch
0
#F_switch
1
#recruit_devs_switch
1
#recruit_randwalk_switch
0
#init_abund_switch
0
#tspawn_EM
 0.85
#return_age
7
#return_probability
 1
#spawn_return_prob
 1
#do_tag
0
#do_tag_mult
1
#sigma_recruit_EM
 0.84
#ph_lmr
1
#lb_R_ave
5
#ub_R_ave
30
#ph_rec
1
#lb_rec_devs
-40
#ub_rec_devs
10
#ph_rec_app_CNST
-4
#ph_rec_app_YR
-4
#ph_abund_devs
1
#ph_reg_init
-2
#ph_non_natal_init
-1
#lb_abund_devs
-40
#ub_abund_devs
10
#ph_F
3
#ph_steep
-1
#ph_M
-1
#ph_sel_log
4
#lb_sel_beta1
-10
#ub_sel_beta1
5
#lb_sel_beta2
-10
#ub_sel_beta2
5
#lb_sel_beta1_surv
-10
#ub_sel_beta1_surv
5
#lb_sel_beta2_surv
-10
#ub_sel_beta2_surv
5
#ph_sel_log_surv
4
#ph_sel_dubl
-5
#ph_sel_dubl_surv
-5
#ph_q
1
#lb_q
-15
#ub_q
5
#ph_F_rho
-1
#ph_T_YR
-4
#ph_T_CNST
-4
#ph_dummy
-1
#wt_surv
1
#wt_catch
1
#wt_fish_age
1
#wt_srv_age
1
#wt_rec
0.1
#wt_tag
0
#abund_pen_switch
0
#move_pen_switch
0
#Tpen
-5
#Tpen2
5
#input_weight
 0.019999 0.0399998 0.0853122 0.104242 0.134736 0.168571 0.18037 0.199999
 0 0.0399998 0.0848646 0.105143 0.134615 0.17111 0.179999 0.201666
 0.0199995 0.0399997 0.085128 0.104347 0.135675 0.167142 0.178999 0.199444
 0.019998 0.0399999 0.0868745 0.104081 0.135599 0.169166 0.177058 0.198571
 0.0199995 0.0399997 0.0863792 0.106999 0.132258 0.167825 0.179332 0.197058
 0.0199997 0.0399998 0.087368 0.105416 0.135713 0.17081 0.179411 0.195555
 0.0199995 0.0399999 0.0844996 0.105652 0.135581 0.166665 0.174705 0.192399
 0 0.0399999 0.0849274 0.104482 0.135624 0.170475 0.186664 0.196086
 0 0.0399995 0.0857406 0.103823 0.135999 0.174996 0.183599 0.197618
 0 0.0399987 0.0833324 0.105135 0.135125 0.171999 0.184995 0.195332
 0.0199996 0.0399996 0.0842845 0.103749 0.136 0.16921 0.18333 0.197998
 0.019999 0.0399999 0.0857139 0.104998 0.134999 0.170566 0.180967 0.202221
 0.0199993 0.0399999 0.0848683 0.104999 0.133332 0.171109 0.181249 0.199999
 0.0199993 0.0399999 0.0867739 0.104683 0.133999 0.169991 0.174996 0.199523
 0.0199993 0.0399998 0.0843938 0.106 0.134259 0.17333 0.169983 0.202497
 0.0199998 0.0399999 0.0853328 0.105384 0.134193 0.167499 0.189995 0.197498
 0.0199995 0.0399999 0.0849998 0.104999 0.135254 0.170768 0.176666 0.201996
 0.0199997 0.0399999 0.0843332 0.105151 0.136428 0.167741 0.179998 0.199997
 0.019998 0.0399999 0.0865383 0.104629 0.133448 0.17333 0.181998 0.196664
 0.019998 0.0399998 0.0859999 0.105 0.133714 0.173998 0.181996 0.197498
 0.0199997 0.0399999 0.0856518 0.104643 0.135454 0.169599 0.180768 0.199995
 0.0199997 0.0399999 0.0851217 0.104687 0.135366 0.169166 0.179999 0.197996
 0.0199998 0.0399999 0.0840815 0.106071 0.134347 0.171219 0.172498 0.199997
 0.0199995 0.0399999 0.0847997 0.105 0.135312 0.169999 0.179998 0.196152
 0.0199996 0.0399995 0.0834614 0.106551 0.135641 0.172999 0.179998 0.202306
 0 0.0399999 0.0849995 0.104929 0.134545 0.168571 0.177999 0.201999
 0.0199998 0.0399997 0.084655 0.104166 0.135185 0.174073 0.174442 0.198888
 0.0199993 0.0399999 0.0862489 0.104772 0.135554 0.17081 0.183845 0.197141
 0 0.0399997 0.0852499 0.104166 0.134706 0.167997 0.181428 0.199999
 0.019998 0.0399996 0.0848569 0.105059 0.136248 0.172413 0.176664 0.197692
#input_catch_weight
 0.0144993 0.0468886 0.089781 0.118666 0.146631 0.164857 0.175814 0.175499
 0 0.0455998 0.0893781 0.119657 0.146461 0.166888 0.175499 0.176916
 0.0149996 0.0467689 0.0896152 0.118782 0.147946 0.163714 0.174649 0.175027
 0.0139986 0.0465999 0.0911869 0.11849 0.147839 0.165333 0.172999 0.174285
 0.0149996 0.0466664 0.0907412 0.121699 0.143161 0.16426 0.174932 0.172999
 0.0147141 0.0456362 0.0916311 0.119958 0.147999 0.166648 0.174999 0.171722
 0.0147496 0.0467796 0.0890496 0.120217 0.147814 0.163332 0.170999 0.169039
 0 0.0463332 0.0894347 0.118931 0.147874 0.16638 0.181164 0.172173
 0 0.0454994 0.0901665 0.118206 0.148399 0.169996 0.178559 0.173475
 0 0.0466651 0.087999 0.119648 0.147175 0.167599 0.179745 0.171532
 0.0143997 0.0455995 0.0888559 0.118124 0.1484 0.165368 0.17833 0.173798
 0.0149992 0.0454545 0.0901424 0.119498 0.146999 0.166453 0.176322 0.177388
 0.0149995 0.0457929 0.0893815 0.119499 0.144665 0.166887 0.176562 0.175499
 0.0143329 0.0459999 0.0910965 0.119152 0.145599 0.165992 0.171246 0.175094
 0.0143329 0.046588 0.0889544 0.1206 0.145963 0.168664 0.166983 0.177623
 0.0146665 0.046111 0.0897994 0.119923 0.14587 0.163999 0.183995 0.173373
 0.0147496 0.0459607 0.0894997 0.119499 0.147356 0.166614 0.172666 0.177196
 0.0146664 0.0464443 0.0888999 0.119666 0.148999 0.164193 0.175499 0.175498
 0.0139986 0.045846 0.0908844 0.119092 0.144827 0.168664 0.177198 0.172665
 0.0139986 0.045565 0.0903998 0.1195 0.1452 0.169198 0.177196 0.173373
 0.0145712 0.0457141 0.0900866 0.119107 0.147636 0.165679 0.176152 0.175496
 0.0146664 0.0459458 0.0896095 0.119156 0.147512 0.165333 0.175499 0.173796
 0.0144443 0.0464443 0.0886733 0.120678 0.146086 0.166975 0.169123 0.175497
 0.0142496 0.0462221 0.0893196 0.1195 0.147437 0.165999 0.175498 0.172229
 0.0143997 0.0464994 0.0881153 0.121206 0.147897 0.168399 0.175498 0.17746
 0 0.0462999 0.0894994 0.119422 0.146363 0.164856 0.173799 0.177199
 0.0147776 0.0452304 0.0891895 0.118582 0.147259 0.169259 0.170776 0.174555
 0.0149995 0.0457777 0.0906239 0.11925 0.147776 0.166648 0.178768 0.17307
 0 0.0458458 0.0897249 0.118582 0.146588 0.164397 0.176713 0.175499
 0.0149985 0.0455995 0.0893712 0.119565 0.148748 0.16793 0.172664 0.173538
#fecundity
 0.999949 0.999994 0.999997 0.999997 0.999997 0.999996 0.999996 0.999995
 0 0.999996 0.999997 0.999997 0.999996 0.999996 0.999996 0.999996
 0.999975 0.999992 0.999997 0.999996 0.999997 0.999996 0.999995 0.999997
 0.999899 0.999997 0.999994 0.999998 0.999996 0.999996 0.999994 0.999996
 0.999975 0.999993 0.999998 0.999995 0.999997 0.999996 0.999993 0.999997
 0.999986 0.999995 0.999995 0.999998 0.999993 0.999997 0.999994 0.999997
 0.999975 0.999998 0.999995 0.999996 0.999998 0.999989 0.999994 0.999996
 0 0.999997 0.999999 0.999997 0.999994 0.999995 0.999983 0.999996
 0 0.999987 0.999998 0.999999 0.999995 0.999975 0.999996 0.999995
 0 0.999966 0.999989 0.999999 0.999999 0.999993 0.999975 0.999993
 0.99998 0.99999 0.999986 0.999994 0.999999 0.999999 0.999983 0.99999
 0.999949 0.999998 0.999995 0.999983 0.999993 0.999998 0.999997 0.999994
 0.999966 0.999997 0.999999 0.999994 0.999989 0.999989 0.999997 0.999996
 0.999966 0.999998 0.999997 0.999999 0.99999 0.999949 0.999975 0.999995
 0.999966 0.999994 0.999998 0.999998 0.999998 0.999983 0.999899 0.999987
 0.999989 0.999997 0.999993 0.999998 0.999997 0.999997 0.999975 0.999987
 0.999975 0.999998 0.999997 0.999993 0.999998 0.999992 0.999994 0.99998
 0.999983 0.999997 0.999998 0.999997 0.999993 0.999997 0.999992 0.999987
 0.999899 0.999997 0.999998 0.999998 0.999997 0.999983 0.99999 0.999989
 0.999899 0.999996 0.999998 0.999998 0.999997 0.99999 0.99998 0.999987
 0.999986 0.999996 0.999996 0.999998 0.999998 0.999996 0.999992 0.999975
 0.999983 0.999997 0.999998 0.999997 0.999998 0.999996 0.999993 0.99998
 0.999989 0.999997 0.999998 0.999996 0.999996 0.999998 0.999987 0.999983
 0.999975 0.999998 0.999996 0.999998 0.999997 0.999994 0.99999 0.999992
 0.99998 0.999987 0.999999 0.999997 0.999997 0.999995 0.999987 0.999992
 0 0.999997 0.999994 0.999999 0.999995 0.999995 0.999993 0.999993
 0.999989 0.999992 0.999998 0.999992 0.999998 0.999996 0.999989 0.999994
 0.999966 0.999999 0.999987 0.999998 0.999989 0.999997 0.999992 0.999993
 0 0.999992 0.999999 0.999992 0.999998 0.99998 0.999995 0.999994
 0.999899 0.99999 0.999997 0.999999 0.999987 0.999997 0.999983 0.999996
#maturity
 0.078996 0.345831 0.764841 0.941937 0.987997 0.997996 0.999996 0.999995
 0 0.335199 0.761484 0.943197 0.987996 0.997996 0.999996 0.999996
 0.078998 0.344843 0.76346 0.942083 0.987997 0.997996 0.999995 0.999997
 0.078992 0.343449 0.776558 0.941712 0.987996 0.997996 0.999994 0.999996
 0.078998 0.343998 0.772843 0.945795 0.987997 0.997996 0.999993 0.999997
 0.0789989 0.335498 0.780259 0.943581 0.987993 0.997997 0.999994 0.999997
 0.078998 0.344932 0.758746 0.943909 0.987998 0.997989 0.999994 0.999996
 0 0.341249 0.761955 0.942273 0.987994 0.997995 0.999983 0.999996
 0 0.334371 0.768054 0.941352 0.987995 0.997975 0.999996 0.999995
 0 0.343988 0.749992 0.943188 0.987999 0.997993 0.999975 0.999993
 0.0789984 0.335197 0.757132 0.941244 0.987999 0.997999 0.999983 0.99999
 0.078996 0.333999 0.767853 0.942984 0.987993 0.997998 0.999997 0.999994
 0.0789973 0.336792 0.761512 0.942995 0.987989 0.997989 0.999997 0.999996
 0.0789973 0.338499 0.775804 0.942556 0.98799 0.99795 0.999975 0.999995
 0.0789973 0.343351 0.757953 0.944398 0.987998 0.997983 0.999899 0.999987
 0.0789991 0.339416 0.764995 0.943537 0.987997 0.997997 0.999975 0.999987
 0.078998 0.338176 0.762498 0.942993 0.987998 0.997992 0.999994 0.99998
 0.0789987 0.342166 0.757499 0.943209 0.987993 0.997997 0.999992 0.999987
 0.078992 0.33723 0.774037 0.94248 0.987997 0.997983 0.99999 0.999989
 0.078992 0.334912 0.769999 0.942998 0.987997 0.99799 0.99998 0.999987
 0.0789989 0.336142 0.767388 0.942498 0.987998 0.997996 0.999992 0.999975
 0.0789987 0.338053 0.763413 0.94256 0.987998 0.997996 0.999993 0.99998
 0.0789991 0.342166 0.755611 0.944497 0.987996 0.997998 0.999987 0.999983
 0.078998 0.340333 0.760997 0.942998 0.987997 0.997994 0.99999 0.999992
 0.0789984 0.342621 0.750961 0.945169 0.987997 0.997995 0.999987 0.999992
 0 0.340974 0.762495 0.9429 0.987995 0.997995 0.999993 0.999993
 0.0789991 0.332151 0.759912 0.941825 0.987998 0.997996 0.999989 0.999994
 0.0789973 0.336666 0.771865 0.94268 0.987989 0.997997 0.999992 0.999993
 0 0.337228 0.764374 0.941825 0.987998 0.99798 0.999995 0.999994
 0.078992 0.335197 0.761426 0.943081 0.987988 0.997997 0.999983 0.999996
#prop_fem
 0.499995 0.437498 0.499997 0.499992 0.499996 0.499997 0.499996 0.437497 0.437497 0.437495 0.499995 0.499994 0.499995 0.499992 0.499989 0.499996 0.499995 0.499997 0.499991 0.49999 0.499996 0.499996 0.499996 0.499996 0.499996 0.437498 0.499997 0.499995 0.437497 0.49999
#OBS_rec_index_BM
 3.06457e+006 599899 2.38118e+006 207783 789893 1.61478e+006 676286 423757 49079.1 422415 1.45844e+006 1.1244e+006 313259 691723 401967 3.55841e+006 1.50673e+006 1.17618e+006 387825 747022 1.2749e+006 476607 1.55317e+006 1.33192e+006 2.53682e+006 648190 4.26129e+006 4.10253e+006 1.38208e+006 1.40547e+006
#OBS_survey_fleet
 11.9859 9.32432 18.0225 16.1098 6.72559 9.27944 9.99928 12.4564 20.4858 18.7778 8.38649 9.9985 6.37094 2.88575 9.38442 4.22207 4.20588 9.28035 8.0156 9.71769 9.5106 10.9879 6.74232 12.1032 13.6173 13.0552 8.76579 22.3025 18.518 21.0181
#OBS_survey_fleet_bio_se_EM
 0.5
 0.5
 0.5
 0.5
 0.5
 0.5
 0.5
 0.5
 0.5
 0.5
 0.5
 0.5
 0.5
 0.5
 0.5
 0.5
 0.5
 0.5
 0.5
 0.5
 0.5
 0.5
 0.5
 0.5
 0.5
 0.5
 0.5
 0.5
 0.5
 0.5

#OBS_survey_prop
 0.0249685 0.101543 0.228473 0.228208 0.197655 0.0856104 0.103578 0.0299636
 0 0.14494 0.213819 0.174561 0.157173 0.124138 0.0754895 0.109879
 0.0489652 0.0730725 0.283251 0.177982 0.148487 0.0867403 0.0974428 0.0840589
 0.00950462 0.143534 0.143771 0.293896 0.130036 0.132681 0.0542374 0.0923396
 0.0274377 0.039633 0.317749 0.107924 0.212131 0.0974259 0.0615836 0.136116
 0.0422041 0.0787818 0.106252 0.40663 0.0633067 0.14745 0.0295431 0.125832
 0.0448934 0.287629 0.212999 0.0815473 0.169833 0.0299294 0.0909623 0.0822066
 0 0.146562 0.514624 0.0918166 0.0294761 0.0828139 0.0163754 0.118332
 0 0.0337989 0.417037 0.376053 0.0888436 0.0217276 0.0193138 0.0432262
 0 0.013374 0.0668716 0.476058 0.290894 0.0601847 0.0250765 0.0675406
 0.0552269 0.0593184 0.037987 0.0907677 0.392732 0.254877 0.0579543 0.0511365
 0.0197009 0.26508 0.17028 0.0591047 0.0738816 0.225456 0.144904 0.0415927
 0.0882112 0.115253 0.422241 0.0980152 0.042473 0.0457402 0.104754 0.083313
 0.0298991 0.234217 0.186152 0.378734 0.0578063 0.0149493 0.00996645 0.0882761
 0.016448 0.0743082 0.535324 0.17567 0.170699 0.0164483 0 0.0111026
 0.0201175 0.122382 0.168988 0.485146 0.140499 0.0590956 0 0.00377202
 0.0332528 0.183973 0.240449 0.122782 0.290308 0.0432884 0.0716229 0.0143244
 0.0202201 0.191532 0.391602 0.181677 0.037552 0.136977 0.0151652 0.0252752
 0 0.159992 0.326522 0.286282 0.106546 0.0199987 0.0539968 0.0466638
 0.0199762 0.104234 0.313657 0.269705 0.169814 0.0629306 0.0159822 0.0437017
 0.0386749 0.111729 0.150404 0.37422 0.206008 0.0750013 0.0339371 0.0100267
 0.0334575 0.125603 0.327072 0.150561 0.199279 0.085736 0.0501868 0.0281042
 0.044913 0.170342 0.309654 0.183096 0.0565821 0.097388 0.103519 0.0345061
 0.00251646 0.241586 0.241585 0.241586 0.146902 0.0352311 0.040264 0.0503301
 0.0297459 0.0272672 0.425984 0.237629 0.131443 0.0758531 0.0247884 0.0472889
 0 0.220456 0.120248 0.385587 0.150311 0.0773026 0.0220455 0.0240497
 0.0549961 0.0682166 0.394518 0.0541369 0.231062 0.0928066 0.0355183 0.0687455
 0.0398902 0.267051 0.0847684 0.392341 0.0199455 0.126413 0.0368227 0.0327678
 0 0.137027 0.480226 0.0676253 0.172897 0.0277096 0.0848265 0.0296892
 0.0100701 0.0503552 0.246886 0.48294 0.0138476 0.139606 0.0167849 0.0395097
#OBS_survey_prop_N_EM
 100
 100
 100
 100
 100
 100
 100
 100
 100
 100
 100
 100
 100
 100
 100
 100
 100
 100
 100
 100
 100
 100
 100
 100
 100
 100
 100
 100
 100
 100

#OBS_yield_fleet
 19057.2 29093 34305.5 40910.9 88640.6 74014.7 61918.1 65004.6 76587.9 130901 82014.1 74017 66894.5 86682.2 110042 68107.9 59111.5 58205.8 61741.4 58901.8 58508.3 69541.5 46766.6 24320.9 33670.4 70296.5 90259.2 66141.6 22700.3 83468
#OBS_yield_fleet_se_EM
 0.1
 0.1
 0.1
 0.1
 0.1
 0.1
 0.1
 0.1
 0.1
 0.1
 0.1
 0.1
 0.1
 0.1
 0.1
 0.1
 0.1
 0.1
 0.1
 0.1
 0.1
 0.1
 0.1
 0.1
 0.1
 0.1
 0.1
 0.1
 0.1
 0.1

#OBS_catch_prop
 0.00974842 0.105071 0.156591 0.164549 0.185742 0.13927 0.13179 0.107238
 0 0.128579 0.183112 0.173229 0.12934 0.135173 0.12858 0.121986
 0.0381649 0.0711934 0.18618 0.111593 0.17974 0.144484 0.0963682 0.172276
 0.00947454 0.206565 0.0864633 0.239981 0.120149 0.114495 0.0875085 0.135364
 0.0352885 0.0735191 0.275318 0.102339 0.177869 0.106251 0.0664613 0.162954
 0.0386622 0.106049 0.10855 0.225532 0.0666594 0.173784 0.0795993 0.201164
 0.0216124 0.293789 0.087316 0.101111 0.188384 0.0432255 0.0940794 0.170482
 0 0.178047 0.332103 0.141043 0.0781959 0.101282 0.041704 0.127624
 0 0.0401545 0.260701 0.339025 0.0982612 0.02362 0.133409 0.10483
 0 0.0161569 0.0484718 0.358957 0.38802 0.0756163 0.0242356 0.0885422
 0.0252321 0.0504647 0.0346597 0.0824908 0.353256 0.371083 0.032349 0.0504647
 0.019242 0.284271 0.103087 0.028864 0.0673501 0.255786 0.15053 0.0908693
 0.0292711 0.142996 0.371037 0.0878159 0.0487863 0.0444498 0.158557 0.117088
 0.0161807 0.242718 0.169433 0.385031 0.050485 0.00970826 0.0242713 0.102173
 0.0160309 0.0888326 0.322086 0.225081 0.265409 0.0320624 0.0096179 0.0408797
 0.0478766 0.172889 0.0721344 0.313042 0.15228 0.162782 0.0383008 0.0406951
 0.0245757 0.250774 0.176949 0.0688131 0.290749 0.0642759 0.0983046 0.0255588
 0.0323205 0.183152 0.29606 0.160136 0.0734144 0.157955 0.0581774 0.0387847
 0.00946386 0.185655 0.269383 0.256952 0.150457 0.0315488 0.0492165 0.0473235
 0.00956382 0.115193 0.298421 0.277378 0.178451 0.0554752 0.0248679 0.0406498
 0.0353828 0.141533 0.115872 0.27882 0.219762 0.124039 0.0647781 0.0198141
 0.0330964 0.183822 0.203667 0.159485 0.204636 0.119976 0.0695031 0.0258151
 0.0433181 0.179613 0.240829 0.139238 0.111213 0.197832 0.0594303 0.0285264
 0.0245388 0.268297 0.122893 0.225762 0.157665 0.0785256 0.0490783 0.0732401
 0.0242974 0.0397172 0.398974 0.148558 0.185229 0.101864 0.0373809 0.0639792
 0 0.201752 0.0789246 0.350299 0.109418 0.105703 0.0769515 0.0769515
 0.0553293 0.0701054 0.273769 0.0579393 0.25403 0.147894 0.0553293 0.0856042
 0.0288592 0.350597 0.0408847 0.212078 0.0438242 0.17914 0.0717798 0.072837
 0 0.0649249 0.398183 0.0612331 0.254085 0.0258169 0.10639 0.0893674
 0.00972285 0.0505634 0.170305 0.413319 0.0413257 0.14921 0.0324122 0.133141
#OBS_catch_prop_N_EM
 100
 100
 100
 100
 100
 100
 100
 100
 100
 100
 100
 100
 100
 100
 100
 100
 100
 100
 100
 100
 100
 100
 100
 100
 100
 100
 100
 100
 100
 100

#nyrs_release
30
#years_of_tag_releases 
 1 2 3 4 5 6 7 8 9 10 11 12 13 14 15 16 17 18 19 20 21 22 23 24 25 26 27 28 29 30
#max_life_tags
5
#report_rate_EM
 1
 1
 1
 1
 1
 1
 1
 1
 1
 1
 1
 1
 1
 1
 1
 1
 1
 1
 1
 1
 1
 1
 1
 1
 1
 1
 1
 1
 1
 1
#ntags
 0 0 0 0 0 0 0 0
 0 0 0 0 0 0 0 0
 0 0 0 0 0 0 0 0
 0 0 0 0 0 0 0 0
 0 0 0 0 0 0 0 0
 0 0 0 0 0 0 0 0
 0 0 0 0 0 0 0 0
 0 0 0 0 0 0 0 0
 0 0 0 0 0 0 0 0
 0 0 0 0 0 0 0 0
 0 0 0 0 0 0 0 0
 0 0 0 0 0 0 0 0
 0 0 0 0 0 0 0 0
 0 0 0 0 0 0 0 0
 0 0 0 0 0 0 0 0
 0 0 0 0 0 0 0 0
 0 0 0 0 0 0 0 0
 0 0 0 0 0 0 0 0
 0 0 0 0 0 0 0 0
 0 0 0 0 0 0 0 0
 0 0 0 0 0 0 0 0
 0 0 0 0 0 0 0 0
 0 0 0 0 0 0 0 0
 0 0 0 0 0 0 0 0
 0 0 0 0 0 0 0 0
 0 0 0 0 0 0 0 0
 0 0 0 0 0 0 0 0
 0 0 0 0 0 0 0 0
 0 0 0 0 0 0 0 0
 0 0 0 0 0 0 0 0
#ntags_total
 0 0 0 0 0 0 0 0 0 0 0 0 0 0 0 0 0 0 0 0 0 0 0 0 0 0 0 0 0 0
#tag_N_EM
 500 500 500 500 500 500 500 500
 500 500 500 500 500 500 500 500
 500 500 500 500 500 500 500 500
 500 500 500 500 500 500 500 500
 500 500 500 500 500 500 500 500
 500 500 500 500 500 500 500 500
 500 500 500 500 500 500 500 500
 500 500 500 500 500 500 500 500
 500 500 500 500 500 500 500 500
 500 500 500 500 500 500 500 500
 500 500 500 500 500 500 500 500
 500 500 500 500 500 500 500 500
 500 500 500 500 500 500 500 500
 500 500 500 500 500 500 500 500
 500 500 500 500 500 500 500 500
 500 500 500 500 500 500 500 500
 500 500 500 500 500 500 500 500
 500 500 500 500 500 500 500 500
 500 500 500 500 500 500 500 500
 500 500 500 500 500 500 500 500
 500 500 500 500 500 500 500 500
 500 500 500 500 500 500 500 500
 500 500 500 500 500 500 500 500
 500 500 500 500 500 500 500 500
 500 500 500 500 500 500 500 500
 500 500 500 500 500 500 500 500
 500 500 500 500 500 500 500 500
 500 500 500 500 500 500 500 500
 500 500 500 500 500 500 500 500
 500 500 500 500 500 500 500 500

#input_T_EM
 1
 1
 1
 1
 1
 1
 1
 1


#OBS_tag_prop_pan_final
 0 0 0 0 0 0
 0 0 0 0 0 0
 0 0 0 0 0 0
 0 0 0 0 0 0
 0 0 0 0 0 0
 0 0 0 0 0 0
 0 0 0 0 0 0
 0 0 0 0 0 0
 0 0 0 0 0 0
 0 0 0 0 0 0
 0 0 0 0 0 0
 0 0 0 0 0 0
 0 0 0 0 0 0
 0 0 0 0 0 0
 0 0 0 0 0 0
 0 0 0 0 0 0
 0 0 0 0 0 0
 0 0 0 0 0 0
 0 0 0 0 0 0
 0 0 0 0 0 0
 0 0 0 0 0 0
 0 0 0 0 0 0
 0 0 0 0 0 0
 0 0 0 0 0 0
 0 0 0 0 0 0
 0 0 0 0 0 0
 0 0 0 0 0 0
 0 0 0 0 0 0
 0 0 0 0 0 0
 0 0 0 0 0 0
 0 0 0 0 0 0
 0 0 0 0 0 0
 0 0 0 0 0 0
 0 0 0 0 0 0
 0 0 0 0 0 0
 0 0 0 0 0 0
 0 0 0 0 0 0
 0 0 0 0 0 0
 0 0 0 0 0 0
 0 0 0 0 0 0
 0 0 0 0 0 0
 0 0 0 0 0 0
 0 0 0 0 0 0
 0 0 0 0 0 0
 0 0 0 0 0 0
 0 0 0 0 0 0
 0 0 0 0 0 0
 0 0 0 0 0 0
 0 0 0 0 0 0
 0 0 0 0 0 0
 0 0 0 0 0 0
 0 0 0 0 0 0
 0 0 0 0 0 0
 0 0 0 0 0 0
 0 0 0 0 0 0
 0 0 0 0 0 0
 0 0 0 0 0 0
 0 0 0 0 0 0
 0 0 0 0 0 0
 0 0 0 0 0 0
 0 0 0 0 0 0
 0 0 0 0 0 0
 0 0 0 0 0 0
 0 0 0 0 0 0
 0 0 0 0 0 0
 0 0 0 0 0 0
 0 0 0 0 0 0
 0 0 0 0 0 0
 0 0 0 0 0 0
 0 0 0 0 0 0
 0 0 0 0 0 0
 0 0 0 0 0 0
 0 0 0 0 0 0
 0 0 0 0 0 0
 0 0 0 0 0 0
 0 0 0 0 0 0
 0 0 0 0 0 0
 0 0 0 0 0 0
 0 0 0 0 0 0
 0 0 0 0 0 0
 0 0 0 0 0 0
 0 0 0 0 0 0
 0 0 0 0 0 0
 0 0 0 0 0 0
 0 0 0 0 0 0
 0 0 0 0 0 0
 0 0 0 0 0 0
 0 0 0 0 0 0
 0 0 0 0 0 0
 0 0 0 0 0 0
 0 0 0 0 0 0
 0 0 0 0 0 0
 0 0 0 0 0 0
 0 0 0 0 0 0
 0 0 0 0 0 0
 0 0 0 0 0 0
 0 0 0 0 0 0
 0 0 0 0 0 0
 0 0 0 0 0 0
 0 0 0 0 0 0
 0 0 0 0 0 0
 0 0 0 0 0 0
 0 0 0 0 0 0
 0 0 0 0 0 0
 0 0 0 0 0 0
 0 0 0 0 0 0
 0 0 0 0 0 0
 0 0 0 0 0 0
 0 0 0 0 0 0
 0 0 0 0 0 0
 0 0 0 0 0 0
 0 0 0 0 0 0
 0 0 0 0 0 0
 0 0 0 0 0 0
 0 0 0 0 0 0
 0 0 0 0 0 0
 0 0 0 0 0 0
 0 0 0 0 0 0
 0 0 0 0 0 0
 0 0 0 0 0 0
 0 0 0 0 0 0
 0 0 0 0 0 0
 0 0 0 0 0 0
 0 0 0 0 0 0
 0 0 0 0 0 0
 0 0 0 0 0 0
 0 0 0 0 0 0
 0 0 0 0 0 0
 0 0 0 0 0 0
 0 0 0 0 0 0
 0 0 0 0 0 0
 0 0 0 0 0 0
 0 0 0 0 0 0
 0 0 0 0 0 0
 0 0 0 0 0 0
 0 0 0 0 0 0
 0 0 0 0 0 0
 0 0 0 0 0 0
 0 0 0 0 0 0
 0 0 0 0 0 0
 0 0 0 0 0 0
 0 0 0 0 0 0
 0 0 0 0 0 0
 0 0 0 0 0 0
 0 0 0 0 0 0
 0 0 0 0 0 0
 0 0 0 0 0 0
 0 0 0 0 0 0
 0 0 0 0 0 0
 0 0 0 0 0 0
 0 0 0 0 0 0
 0 0 0 0 0 0
 0 0 0 0 0 0
 0 0 0 0 0 0
 0 0 0 0 0 0
 0 0 0 0 0 0
 0 0 0 0 0 0
 0 0 0 0 0 0
 0 0 0 0 0 0
 0 0 0 0 0 0
 0 0 0 0 0 0
 0 0 0 0 0 0
 0 0 0 0 0 0
 0 0 0 0 0 0
 0 0 0 0 0 0
 0 0 0 0 0 0
 0 0 0 0 0 0
 0 0 0 0 0 0
 0 0 0 0 0 0
 0 0 0 0 0 0
 0 0 0 0 0 0
 0 0 0 0 0 0
 0 0 0 0 0 0
 0 0 0 0 0 0
 0 0 0 0 0 0
 0 0 0 0 0 0
 0 0 0 0 0 0
 0 0 0 0 0 0
 0 0 0 0 0 0
 0 0 0 0 0 0
 0 0 0 0 0 0
 0 0 0 0 0 0
 0 0 0 0 0 0
 0 0 0 0 0 0
 0 0 0 0 0 0
 0 0 0 0 0 0
 0 0 0 0 0 0
 0 0 0 0 0 0
 0 0 0 0 0 0
 0 0 0 0 0 0
 0 0 0 0 0 0
 0 0 0 0 0 0
 0 0 0 0 0 0
 0 0 0 0 0 0
 0 0 0 0 0 0
 0 0 0 0 0 0
 0 0 0 0 0 0
 0 0 0 0 0 0
 0 0 0 0 0 0
 0 0 0 0 0 0
 0 0 0 0 0 0
 0 0 0 0 0 0
 0 0 0 0 0 0
 0 0 0 0 0 0
 0 0 0 0 0 0
 0 0 0 0 0 0
 0 0 0 0 0 0
 0 0 0 0 0 0
 0 0 0 0 0 0
 0 0 0 0 0 0
 0 0 0 0 0 0
 0 0 0 0 0 0
 0 0 0 0 0 0
 0 0 0 0 0 0
 0 0 0 0 0 0
 0 0 0 0 0 0
 0 0 0 0 0 0
 0 0 0 0 0 0
 0 0 0 0 0 0
 0 0 0 0 0 0
 0 0 0 0 0 0
 0 0 0 0 0 0
 0 0 0 0 0 0
 0 0 0 0 0 0
 0 0 0 0 0 0
 0 0 0 0 0 0
 0 0 0 0 0 0
 0 0 0 0 0 0
 0 0 0 0 0 0
 0 0 0 0 0 0
 0 0 0 0 0 0
 0 0 0 0 0 0
 0 0 0 0 0 0
 0 0 0 0 0 0
 0 0 0 0 0 0
 0 0 0 0 0 0
 0 0 0 0 0 0
 0 0 0 0 0 0
 0 0 0 0 0 0
 0 0 0 0 0 0
#input_M_EM
 0.35 0.35 0.35 0.35 0.35 0.35 0.35 0.35
#input_Rec_Prop_EM
 1 1 1 1 1 1 1 1 1 1 1 1 1 1 1 1 1 1 1 1 1 1 1 1 1 1 1 1 1 1
#input_selectivity_EM
 0.01
 0.09
 0.32
 0.44
 0.55
 0.7
 1
 1

#input_survey_selectivity_EM
 0.03
 0.2
 0.63
 0.92
 0.98
 1
 1
 1

#input_M_TRUE
 0.35 0.35 0.35 0.35 0.35 0.35 0.35 0.35
#init_abund_TRUE
 802188 565292 398355 280716 197817 139400 98233 69224
 2.40656e+006 1.69588e+006 1.19506e+006 842147 593451 418199 294699 207671
#q_survey
 3.48e-005
 3.48e-005
#sel_beta1
 0.8
 0.8
#sel_beta2
 4.4
 4.4
#sel_beta3
 -0.6
 -0.6
#sel_beta4
 20
 20
#sel_beta1_survey
 2
 2
#sel_beta2_survey
 2.7
 2.7
#sel_beta3_survey
 -0.6
 -0.6
#sel_beta4_survey
 20
 20
#steep
 1
#R_ave
 3.20875e+006
#SSB_zero
 354437
#rec_devs
 1.1509 0.30614 1.0536 0.32082 0.521702 1.73167 1.41265 0.259722 0.108654 0.246318 0.958629 0.559891 1.11704 0.258968 0.468085 0.846799 0.842279 0.808544 0.398755 0.680194 0.790289 0.817946 1.66327 0.369046 1.60815 0.328947 2.79811 1.38535 0.535705 0.734493
#Rec_Prop
 0.5 0.5 0.5 0.5 0.5 0.5 0.5 0.5 0.5 0.5 0.5 0.5 0.5 0.5 0.5 0.5 0.5 0.5 0.5 0.5 0.5 0.5 0.5 0.5 0.5 0.5 0.5 0.5 0.5 0.5
 0.5 0.5 0.5 0.5 0.5 0.5 0.5 0.5 0.5 0.5 0.5 0.5 0.5 0.5 0.5 0.5 0.5 0.5 0.5 0.5 0.5 0.5 0.5 0.5 0.5 0.5 0.5 0.5 0.5 0.5
#recruits_BM
 802188 491163 1.69036e+006 514715 837006 2.77825e+006 2.26642e+006 416691 174322 395187 1.538e+006 898276 1.79215e+006 415482 750983 1.35858e+006 1.35133e+006 1.29721e+006 639753 1.09129e+006 1.26792e+006 1.31229e+006 2.6685e+006 592089 2.58008e+006 527754 4.48921e+006 2.22262e+006 859471 1.1784e+006
 2.40656e+006 491163 1.69036e+006 514715 837006 2.77825e+006 2.26642e+006 416691 174322 395187 1.538e+006 898276 1.79215e+006 415482 750983 1.35858e+006 1.35133e+006 1.29721e+006 639753 1.09129e+006 1.26792e+006 1.31229e+006 2.6685e+006 592089 2.58008e+006 527754 4.48921e+006 2.22262e+006 859471 1.1784e+006
#F
 0.00432624 0.00895031 0.0172208 0.0294473 0.0432424 0.0547715 0.0622261 0.0662794
 0.00728118 0.0150636 0.028983 0.0495606 0.072778 0.0921818 0.104728 0.11155
 0.00792999 0.0164059 0.0315657 0.0539768 0.0792631 0.100396 0.11406 0.12149
 0.0101517 0.0210022 0.0404092 0.0690992 0.10147 0.128523 0.146016 0.155527
 0.018234 0.0377233 0.0725814 0.124113 0.182256 0.230848 0.262268 0.279351
 0.0144134 0.0298191 0.0573732 0.0981073 0.144067 0.182478 0.207314 0.220818
 0.0214724 0.0444229 0.0854717 0.146155 0.214624 0.271846 0.308846 0.328964
 0.0160938 0.0332955 0.064062 0.109545 0.160863 0.203752 0.231484 0.246562
 0.0207693 0.0429683 0.0826729 0.14137 0.207596 0.262945 0.298733 0.318192
 0.0248369 0.0513837 0.0988645 0.169057 0.248254 0.314443 0.35724 0.38051
 0.0135033 0.0279362 0.0537504 0.0919124 0.13497 0.170955 0.194223 0.206875
 0.024966 0.0516506 0.099378 0.169935 0.249544 0.316076 0.359095 0.382486
 0.0308729 0.0638711 0.122891 0.210142 0.308586 0.39086 0.444057 0.472983
 0.0392523 0.0812068 0.156246 0.267178 0.392341 0.496946 0.564582 0.601358
 0.0773634 0.160053 0.307948 0.526587 0.773275 0.979443 1.11275 1.18523
 0.035447 0.0733341 0.141098 0.241276 0.354305 0.448769 0.509848 0.543059
 0.0327787 0.0678139 0.130477 0.223114 0.327635 0.414988 0.471469 0.50218
 0.031077 0.0642935 0.123703 0.211531 0.310626 0.393444 0.446994 0.47611
 0.0311727 0.0644914 0.124084 0.212182 0.311582 0.394656 0.44837 0.477576
 0.0275671 0.0570319 0.109732 0.18764 0.275543 0.349007 0.396508 0.422336
 0.0244031 0.0504861 0.0971375 0.166104 0.243918 0.30895 0.350999 0.373863
 0.0265638 0.0549564 0.105738 0.180811 0.265515 0.336306 0.382078 0.406966
 0.0178102 0.0368464 0.0708941 0.121228 0.178019 0.225482 0.256171 0.272858
 0.0103772 0.0214688 0.0413069 0.0706342 0.103724 0.131379 0.14926 0.158982
 0.00251959 0.00521263 0.0100293 0.01715 0.0251842 0.0318987 0.0362402 0.0386009
 0.0124585 0.0257746 0.0495914 0.0848006 0.124527 0.157728 0.179195 0.190868
 0.0127496 0.026377 0.0507504 0.0867825 0.127437 0.161414 0.183383 0.195328
 0.0257538 0.0532805 0.102514 0.175298 0.257419 0.326051 0.370427 0.394557
 0.00432624 0.00895031 0.0172208 0.0294473 0.0432424 0.0547715 0.0622261 0.0662794
 0.00432624 0.00895031 0.0172208 0.0294473 0.0432424 0.0547715 0.0622261 0.0662794
 0.00432624 0.00895031 0.0172208 0.0294473 0.0432424 0.0547715 0.0622261 0.0662794
 0.00634918 0.0131355 0.0252732 0.0432168 0.0634624 0.0803825 0.0913229 0.0972715
 0.00774025 0.0160134 0.0308104 0.0526853 0.0773666 0.0979939 0.111331 0.118583
 0.0100303 0.0207511 0.039926 0.0682729 0.100256 0.126986 0.14427 0.153667
 0.0175479 0.0363038 0.0698501 0.119443 0.175397 0.222161 0.252398 0.268839
 0.0227575 0.0470816 0.0905871 0.154903 0.227469 0.288116 0.32733 0.348652
 0.0150516 0.0311393 0.0599134 0.102451 0.150446 0.190557 0.216493 0.230595
 0.0189565 0.0392181 0.0754573 0.129031 0.189478 0.239995 0.27266 0.29042
 0.0180681 0.03738 0.0719207 0.122983 0.180597 0.228747 0.25988 0.276809
 0.0339013 0.0701364 0.134946 0.230755 0.338856 0.4292 0.487616 0.519379
 0.0356588 0.0737723 0.141941 0.242717 0.356422 0.45145 0.512894 0.546304
 0.0267435 0.0553281 0.106454 0.182034 0.267311 0.33858 0.384662 0.409719
 0.029442 0.0609109 0.117195 0.200402 0.294284 0.372745 0.423477 0.451062
 0.0361349 0.0747574 0.143837 0.245958 0.361181 0.457479 0.519743 0.553598
 0.0286386 0.0592487 0.113997 0.194933 0.286253 0.362573 0.41192 0.438752
 0.036034 0.0745486 0.143435 0.245271 0.360173 0.456201 0.518291 0.552052
 0.0342433 0.070844 0.136307 0.233083 0.342274 0.43353 0.492535 0.524619
 0.0321617 0.0665374 0.128021 0.218914 0.321468 0.407176 0.462595 0.492727
 0.0303411 0.0627709 0.120774 0.206522 0.30327 0.384127 0.436408 0.464835
 0.033058 0.0683917 0.131589 0.225015 0.330427 0.418524 0.475486 0.506459
 0.0248812 0.0514753 0.0990407 0.169358 0.248697 0.315003 0.357876 0.381188
 0.0253226 0.0523884 0.100798 0.172362 0.253108 0.320591 0.364225 0.38795
 0.0140533 0.0290739 0.0559396 0.0956558 0.140467 0.177918 0.202134 0.2153
 0.00432624 0.00895031 0.0172208 0.0294473 0.0432424 0.0547715 0.0622261 0.0662794
 0.0145061 0.0300108 0.0577421 0.0987381 0.144993 0.183651 0.208647 0.222238
 0.0165747 0.0342904 0.0659762 0.112818 0.16567 0.20984 0.2384 0.253929
 0.0196833 0.0407215 0.07835 0.133977 0.196741 0.249196 0.283112 0.301554
 0.000557727 0.00115385 0.00222005 0.00379626 0.00557468 0.00706098 0.00802201 0.00854455
 0.0028292 0.00585317 0.0112618 0.0192574 0.0282789 0.0358185 0.0406935 0.0433443
 0.0214615 0.0444005 0.0854285 0.146082 0.214516 0.271709 0.30869 0.328797
#Fyear
 0.07
 0.117812
 0.12831
 0.164258
 0.295033
 0.233214
 0.34743
 0.260403
 0.336053
 0.40187
 0.218487
 0.403957
 0.499533
 0.635115
 1.25176
 0.573543
 0.53037
 0.502837
 0.504385
 0.446044
 0.39485
 0.429811
 0.288174
 0.167907
 0.0407677
 0.201582
 0.206293
 0.416705
 0.07
 0.07
 0.07
 0.102732
 0.12524
 0.162293
 0.28393
 0.368223
 0.243539
 0.306723
 0.292347
 0.548534
 0.57697
 0.432718
 0.476382
 0.584675
 0.463382
 0.583041
 0.554068
 0.520387
 0.490929
 0.534889
 0.402586
 0.409727
 0.227386
 0.07
 0.234713
 0.268184
 0.318481
 0.0090242
 0.0457774
 0.347254
#biomass_AM
 191374 197971 221585 233469 255089 276059 339526 386212 369798 298967 253088 247033 258870 247153 237073 183897 203973 236199 245785 247011 245140 261055 302029 334479 404948 420341 499181 542518 568955 573150
 529403 528151 513091 456858 408524 369041 372280 393280 351200 286815 226168 195903 218604 221439 215960 209350 214278 230826 232099 230426 224245 239478 281305 316963 384408 378853 443921 483820 565155 561072
#biomass_population
 720777 726122 734677 690327 663613 645100 711806 779492 720998 585782 479255 442936 477474 468592 453033 393247 418251 467025 477884 477437 469385 500533 583334 651442 789357 799194 943101 1.02634e+006 1.13411e+006 1.13422e+006
#catch_at_age_fleet_prop
 0.0128374 0.107643 0.145381 0.174184 0.179088 0.158991 0.126846 0.0950303
 0.00746358 0.137174 0.136095 0.161087 0.162897 0.14212 0.111826 0.141337
 0.025553 0.0834676 0.18086 0.15665 0.155651 0.132785 0.102189 0.162844
 0.00677074 0.249443 0.0958073 0.18059 0.130752 0.109184 0.0819431 0.145509
 0.0111534 0.0763632 0.327697 0.108104 0.167798 0.100741 0.0733186 0.134825
 0.0360387 0.121149 0.0961441 0.353178 0.0952816 0.121458 0.0629779 0.113773
 0.023562 0.320439 0.124571 0.0841905 0.251867 0.055719 0.0613706 0.0782818
 0.00366471 0.221971 0.348231 0.115247 0.0632272 0.154144 0.0292705 0.0642445
 0.00152957 0.0405787 0.28392 0.379012 0.101991 0.0457852 0.0962554 0.0509281
 0.00396913 0.0193478 0.0587987 0.346587 0.371375 0.0807235 0.0309394 0.0882594
 0.0184564 0.0529066 0.0297153 0.0768687 0.367256 0.319741 0.0594672 0.0755892
 0.0117336 0.222223 0.0735099 0.0350377 0.0735571 0.287489 0.216012 0.0804371
 0.0264227 0.145476 0.312604 0.0860813 0.0324486 0.0542472 0.179101 0.163619
 0.00585775 0.275245 0.169662 0.29851 0.0636871 0.0187434 0.0260802 0.142215
 0.0130255 0.0758194 0.3829 0.183105 0.23487 0.0371215 0.00877167 0.0643865
 0.0272023 0.163212 0.101686 0.402087 0.138805 0.127644 0.0155748 0.0237886
 0.0244151 0.268748 0.180688 0.0924755 0.28373 0.0763642 0.0582823 0.0152967
 0.0207109 0.23667 0.29316 0.162709 0.0650377 0.156633 0.0351771 0.0299033
 0.00917252 0.204057 0.262844 0.269215 0.116996 0.0368187 0.0741836 0.0267129
 0.0155828 0.100548 0.252906 0.270564 0.218032 0.0748853 0.0197628 0.0477193
 0.0175926 0.16722 0.122787 0.258507 0.219783 0.141397 0.0410474 0.0316643
 0.0176353 0.1879 0.203524 0.125155 0.209806 0.142874 0.0779492 0.0351577
 0.0329539 0.180054 0.219812 0.201179 0.0993892 0.134273 0.0777778 0.0545619
 0.00568536 0.286966 0.182473 0.191777 0.144476 0.0589441 0.0690312 0.0606477
 0.0220713 0.0571901 0.340896 0.189991 0.168178 0.107022 0.0385069 0.0761451
 0.00378148 0.207129 0.0633275 0.32919 0.154104 0.115387 0.064987 0.0620937
 0.0322581 0.0424147 0.271289 0.0715776 0.30773 0.119748 0.0782042 0.0767782
 0.0137199 0.306344 0.0464853 0.252262 0.0540184 0.190063 0.0638649 0.0732419
 0.00488139 0.141974 0.367914 0.0480495 0.213898 0.0375693 0.113754 0.0719594
 0.00625009 0.0514341 0.177471 0.40462 0.0447958 0.169829 0.0264992 0.119101
 0.0128374 0.107643 0.145382 0.174184 0.179088 0.158991 0.126846 0.0950299
 0.00249057 0.137439 0.136471 0.16173 0.163772 0.143045 0.112636 0.142418
 0.00911209 0.0297734 0.193921 0.168304 0.167719 0.143538 0.110756 0.176877
 0.00292687 0.107845 0.0414468 0.234915 0.17051 0.142866 0.107605 0.191885
 0.00565512 0.0387429 0.166401 0.0549828 0.256923 0.15479 0.113115 0.20939
 0.023217 0.0774756 0.0611152 0.222459 0.059468 0.226278 0.117136 0.212851
 0.0188952 0.258127 0.0993246 0.066702 0.196993 0.0428683 0.139849 0.177241
 0.00325877 0.197069 0.311815 0.102442 0.0561718 0.136277 0.0256471 0.167319
 0.00143265 0.0380829 0.265886 0.358167 0.0956234 0.0428208 0.0893799 0.108608
 0.00392058 0.0189654 0.0574551 0.335043 0.359289 0.0770746 0.0294011 0.118852
 0.0212535 0.0596526 0.0323062 0.0802387 0.362532 0.303015 0.0539753 0.0870261
 0.0143016 0.269533 0.0851997 0.0381837 0.0741724 0.262929 0.183103 0.0725787
 0.02976 0.164015 0.350512 0.092229 0.0326627 0.0504434 0.150789 0.129589
 0.00609065 0.287042 0.177852 0.312874 0.0641944 0.0178554 0.0230504 0.111042
 0.0113601 0.0690586 0.36576 0.186998 0.25642 0.0411539 0.0095173 0.0597325
 0.0214179 0.129381 0.0885049 0.386237 0.154193 0.166321 0.0223427 0.031601
 0.0212872 0.233993 0.158096 0.0886226 0.299216 0.0928821 0.0829907 0.0229124
 0.0194438 0.221927 0.273844 0.152297 0.066424 0.175355 0.0452826 0.0454262
 0.0089226 0.198612 0.255426 0.260592 0.113413 0.0389027 0.0858243 0.0383071
 0.0156237 0.100333 0.251523 0.267046 0.213027 0.07294 0.0209286 0.0585777
 0.0180052 0.170928 0.124158 0.258877 0.21641 0.136379 0.0391181 0.0361235
 0.0178718 0.190617 0.206332 0.12565 0.208813 0.139891 0.0747714 0.0360555
 0.0326863 0.179226 0.220038 0.202492 0.0997943 0.134545 0.0770348 0.0541826
 0.0054941 0.278979 0.179679 0.192162 0.147711 0.060963 0.0719901 0.0630214
 0.0220108 0.0564747 0.337131 0.188508 0.168381 0.108881 0.0396072 0.0790063
 0.00397486 0.216531 0.0645198 0.330042 0.151319 0.111448 0.0624857 0.05968
 0.0349205 0.0456034 0.287103 0.0728595 0.303289 0.113826 0.0722993 0.0700987
 0.0134814 0.307566 0.0470664 0.257917 0.0545057 0.189015 0.0617997 0.0686486
 0.00442024 0.129222 0.351563 0.0476077 0.222904 0.04045 0.125433 0.0784001
 0.00613267 0.0497107 0.170062 0.398707 0.0447511 0.175286 0.0279512 0.1274
#yield_fleet
 5405.19
 9519.09
 10481.5
 14045.5
 25923.2
 20740.2
 33794.3
 29810.8
 43788.7
 51583.1
 25011.7
 38479.8
 38168.1
 44864.7
 76993.8
 30676.4
 29708.2
 30878.9
 35273.7
 34256.6
 31804.8
 35182.6
 24828.7
 17571.5
 5356.93
 31551.4
 34636
 71457.1
 13478.4
 15855.2
 14735.7
 22722.2
 27534.6
 33882.9
 51731.6
 53026.6
 30299.1
 38385
 37968.9
 65352.6
 51520.8
 28975.6
 27741.4
 35099
 30249.1
 38115.9
 34342.2
 32165.4
 32681.9
 37389.4
 28687.1
 29925.5
 17966.3
 6973.63
 28177.8
 35936.9
 44097
 1429.67
 9057.44
 73453.9
#survey_at_age_fleet_prop
 0.0226975 0.0977439 0.223888 0.226077 0.168279 0.118926 0.0835919 0.0587966
 0.0135018 0.127582 0.214633 0.214051 0.156651 0.108762 0.0753802 0.0894378
 0.044424 0.0746221 0.274166 0.200067 0.143855 0.0976544 0.0661932 0.0990192
 0.0123427 0.234029 0.152389 0.241949 0.126729 0.0841863 0.055639 0.0927361
 0.0179083 0.0632879 0.460176 0.127747 0.143268 0.0683444 0.0437652 0.0755034
 0.0593296 0.102805 0.138277 0.427646 0.0834116 0.0845361 0.0385841 0.0654104
 0.0415043 0.291689 0.192088 0.109199 0.2359 0.0414425 0.0401462 0.0480312
 0.00573149 0.179052 0.476028 0.132607 0.052584 0.101897 0.0170291 0.0350704
 0.00225899 0.0309619 0.366993 0.412124 0.0800928 0.0285561 0.0528056 0.0262068
 0.00667669 0.0168389 0.0866653 0.429494 0.332102 0.0572881 0.0193026 0.0516329
 0.036387 0.0537477 0.0511671 0.111447 0.385014 0.266539 0.0436402 0.0520573
 0.0241726 0.236873 0.132698 0.0531756 0.0805573 0.24986 0.165038 0.0576261
 0.04384 0.12515 0.455213 0.105292 0.0286045 0.0379015 0.109902 0.0940955
 0.00946726 0.231337 0.241195 0.355951 0.0546178 0.0127134 0.0155127 0.0792065
 0.0188642 0.0578585 0.492141 0.195697 0.178172 0.0219693 0.00450651 0.030791
 0.0425562 0.132605 0.13979 0.463953 0.115302 0.0839444 0.00898867 0.0128607
 0.0406659 0.232251 0.264272 0.113575 0.251025 0.0535241 0.0358661 0.00882039
 0.0321309 0.190391 0.399192 0.186098 0.0536075 0.102321 0.0201816 0.016078
 0.013929 0.160685 0.350341 0.301397 0.0943911 0.0235418 0.0416569 0.0140576
 0.0236048 0.0788795 0.335933 0.302032 0.175538 0.0478198 0.0110897 0.025103
 0.0290862 0.143019 0.177857 0.314836 0.193178 0.0986389 0.0251744 0.0182105
 0.0294698 0.162556 0.298145 0.154105 0.186358 0.100678 0.0482748 0.020414
 0.0528368 0.148989 0.3082 0.23738 0.0847396 0.0909704 0.0463669 0.0305166
 0.0094406 0.245262 0.264393 0.234051 0.127554 0.0413982 0.0426937 0.0352061
 0.0332779 0.0442558 0.447438 0.210205 0.134734 0.0682653 0.0216419 0.0401818
 0.00647033 0.182554 0.0946095 0.414143 0.140209 0.0834906 0.0413998 0.0371242
 0.0525514 0.0355954 0.385916 0.0857403 0.266572 0.0824929 0.0474304 0.0437014
 0.0246367 0.284708 0.0731594 0.333745 0.051563 0.143952 0.0425171 0.0457183
 0.00773994 0.115614 0.508116 0.0559283 0.180245 0.0252019 0.0672277 0.0399275
 0.00989751 0.0418309 0.244787 0.470366 0.0377 0.113778 0.0156408 0.0660005
 0.0226975 0.097744 0.223888 0.226077 0.168279 0.118926 0.083592 0.0587964
 0.00452658 0.128383 0.216172 0.21587 0.158217 0.109986 0.0762894 0.0905562
 0.0159818 0.0268522 0.296553 0.216847 0.156379 0.106499 0.0723799 0.108509
 0.0055698 0.105618 0.0688168 0.328543 0.172519 0.114995 0.0762731 0.127665
 0.0106951 0.037811 0.275182 0.076522 0.258384 0.123706 0.0795465 0.138152
 0.0441945 0.0762465 0.101876 0.311865 0.0601858 0.181818 0.0827654 0.141049
 0.0360162 0.253671 0.165428 0.0935235 0.199671 0.0345428 0.0991871 0.11796
 0.00535549 0.167211 0.448267 0.123919 0.0490878 0.0946148 0.0156659 0.0958787
 0.00217971 0.0299055 0.353783 0.401046 0.0773639 0.027528 0.0505577 0.0576361
 0.00668452 0.016784 0.0860455 0.421262 0.325339 0.0552755 0.0185092 0.0701009
 0.0417027 0.0607919 0.0557059 0.116124 0.377693 0.249917 0.0390651 0.0590006
 0.028601 0.279072 0.149374 0.0562676 0.0788436 0.221716 0.135697 0.0504285
 0.0472661 0.134998 0.488405 0.107972 0.0275667 0.0337536 0.0886373 0.0714004
 0.00965653 0.236406 0.247829 0.36589 0.0540356 0.0118971 0.0134764 0.0608097
 0.0166167 0.0523343 0.469274 0.201599 0.199328 0.0253681 0.0051544 0.0303245
 0.0344219 0.108011 0.125012 0.457859 0.13157 0.112341 0.0132421 0.0175435
 0.0364805 0.208166 0.238002 0.112004 0.272319 0.0669449 0.0525037 0.0135803
 0.0309197 0.183068 0.38233 0.178567 0.0561121 0.117371 0.0266139 0.0250181
 0.0137311 0.158447 0.344942 0.295628 0.0927364 0.0252151 0.0488606 0.0204398
 0.0237683 0.0792032 0.336027 0.299569 0.172137 0.0466898 0.0117615 0.0308451
 0.0297313 0.146034 0.179642 0.314914 0.189971 0.0950074 0.0239565 0.0207442
 0.0297779 0.164352 0.301273 0.154238 0.184952 0.0983227 0.0461965 0.0208876
 0.0524037 0.148093 0.308158 0.238762 0.0850773 0.0912005 0.045966 0.0303395
 0.00916423 0.238988 0.261048 0.235297 0.130941 0.0430201 0.0447569 0.0367856
 0.0332385 0.0439609 0.444776 0.209378 0.135212 0.069513 0.0222581 0.0416641
 0.00677667 0.190434 0.0961579 0.41401 0.137186 0.0803043 0.0396234 0.0355083
 0.0559657 0.0377446 0.402591 0.0859584 0.258464 0.0770573 0.0430571 0.0391614
 0.0241893 0.283033 0.0734717 0.339438 0.0519525 0.143466 0.0413352 0.0431143
 0.00711207 0.106723 0.492467 0.056213 0.190574 0.0275339 0.0752292 0.0441485
 0.00978351 0.0409814 0.237495 0.468353 0.0379598 0.118074 0.0165596 0.0707944
#true_survey_fleet_bio
 4.0784
 4.20089
 4.34961
 4.4186
 5.02005
 4.94527
 5.09676
 6.87281
 8.03644
 7.01365
 5.57875
 4.41331
 4.17377
 4.0527
 3.78435
 3.11974
 3.07876
 3.66735
 4.25384
 4.63096
 4.48324
 4.50012
 4.92676
 5.90733
 8.00157
 8.55156
 9.36936
 8.90555
 11.2473
 13.252
 11.0964
 11.4748
 11.6392
 10.4746
 9.11564
 7.09843
 6.14062
 7.08589
 7.75066
 6.43913
 4.31595
 3.14847
 3.30757
 3.54161
 4.0661
 3.71053
 3.32949
 3.57313
 3.98534
 4.18361
 3.98204
 4.03533
 4.51927
 5.63588
 7.22265
 7.36051
 7.80255
 8.36775
 11.3609
 12.1151
#harvest_rate_region_bio
 0.0282441 0.0480832 0.0473022 0.0601602 0.101624 0.0751295 0.0995337 0.0771876 0.118412 0.172538 0.0988262 0.155768 0.147442 0.181526 0.324768 0.166813 0.145647 0.130733 0.143514 0.138685 0.129741 0.134771 0.0822062 0.0525338 0.0132287 0.0750615 0.0693857 0.131714 0.0236898 0.0276633
