    unsorted:	 -0.000000000
      sorted:	 -0.000000000
