    unsorted:	 5754.909327 5753.281943 5729.332006 5724.082644 5713.472324 5796.859564 5807.350044 5815.772096 5831.484963 5850.932747 5862.297505 5874.043105 5640.435061 5624.802825 5608.928375 5580.474493 5934.166736 5960.529463 5502.621209 5491.070458 5453.188906 6015.732984 6033.796668 6039.919771 6062.414669 5345.653096 6133.219459 5263.732884 5215.611141 5182.803130 5089.680551 5061.803623 6192.627580 4958.650976 4926.817442 4861.551892 4821.243160 6288.112521 4725.167062 4660.371612 4513.278268 4368.741302 4327.360396 4313.537319 4226.058490 4076.935029 4005.945768 3814.765099 6936.774856 3480.146340 3348.118465 3243.106012 2833.088921 2712.949660 2397.690386 8177.006551 2033.273720 905.0967402 476.2874061 343.7709295 56.55615814 18489.66512 27877.74215 35890.55053 53862.02013 58562.08371 70464.91480 75380.89572 84606.83901 97350.73049 96785.58532 107557.6077 112114.0694 125361.4887 124121.6519 131861.7961 141410.5380 148170.9506 158718.9998 196647.8630 201076.7761 214789.4699 229394.2941 245189.7551 259782.4867 280218.3845 283812.8144 297201.8400 315768.2140 326003.3141 366439.7049 372862.7328 375148.4992 407154.4604 426959.0039 448703.5061 459793.0758 462954.5693 508896.9138 516826.8412 559398.0204 671603.9953 797542.6629 830974.4780 1702580.364
      sorted:	 56.55615814 343.7709295 476.2874061 905.0967402 2033.273720 2397.690386 2712.949660 2833.088921 3243.106012 3348.118465 3480.146340 3814.765099 4005.945768 4076.935029 4226.058490 4313.537319 4327.360396 4368.741302 4513.278268 4660.371612 4725.167062 4821.243160 4861.551892 4926.817442 4958.650976 5061.803623 5089.680551 5182.803130 5215.611141 5263.732884 5345.653096 5453.188906 5491.070458 5502.621209 5580.474493 5608.928375 5624.802825 5640.435061 5713.472324 5724.082644 5729.332006 5753.281943 5754.909327 5796.859564 5807.350044 5815.772096 5831.484963 5850.932747 5862.297505 5874.043105 5934.166736 5960.529463 6015.732984 6033.796668 6039.919771 6062.414669 6133.219459 6192.627580 6288.112521 6936.774856 8177.006551 18489.66512 27877.74215 35890.55053 53862.02013 58562.08371 70464.91480 75380.89572 84606.83901 96785.58532 97350.73049 107557.6077 112114.0694 124121.6519 125361.4887 131861.7961 141410.5380 148170.9506 158718.9998 196647.8630 201076.7761 214789.4699 229394.2941 245189.7551 259782.4867 280218.3845 283812.8144 297201.8400 315768.2140 326003.3141 366439.7049 372862.7328 375148.4992 407154.4604 426959.0039 448703.5061 459793.0758 462954.5693 508896.9138 516826.8412 559398.0204 671603.9953 797542.6629 830974.4780 1702580.364
