    unsorted:	 151702.0687 151869.6855 152196.2939 152364.7475 151508.2183 152889.1131 153204.4055 153656.0153 150427.5893 149786.6116 148648.0192 155973.1900 156899.6493 157204.2781 146144.7715 144723.4894 143135.9858 138805.1041 137781.8036 168204.0879 168632.8858 129357.4723 173215.7864 174885.0282 122915.0341 117910.2563 181086.3394 111865.5051 184372.1123 103210.2028 96968.35727 84317.57998 78793.22165 63514.37262 70299.64078 59015.21995 53052.27777 47036.43341 44946.47886 41698.05721 40502.03638 38379.47965 35804.96047 32723.93180 1273.258032 1242.999202 1456.226334 1730.659613 835.4321677 2109.024989 414.9033172 13.40802227 123.6531146 2693.843493 3305.956651 5245.086778 7191.554726 10425.73812 15345.36222 21736.63483 22955.13641 194742.5188 212427.7397 223725.6730 227695.3261 229959.6588 245800.8615 261018.1097 284210.3707 331058.7108 365517.4706 403705.6301 469858.9792 504733.8097 648515.9045 783272.2672 943009.3334 978939.7668 1067650.502 1319747.521 1443866.562 1491256.906 1995744.259 2320535.415 2673384.191 3236405.383 3607748.910 4802768.940 9417362.449 12471501.05 17966931.19 35251545.35 39305559.57 43722627.40 56083914.72 72131507.55 87035716.51 109437804.3 166372327.1 1149557062.
      sorted:	 13.40802227 123.6531146 414.9033172 835.4321677 1242.999202 1273.258032 1456.226334 1730.659613 2109.024989 2693.843493 3305.956651 5245.086778 7191.554726 10425.73812 15345.36222 21736.63483 22955.13641 32723.93180 35804.96047 38379.47965 40502.03638 41698.05721 44946.47886 47036.43341 53052.27777 59015.21995 63514.37262 70299.64078 78793.22165 84317.57998 96968.35727 103210.2028 111865.5051 117910.2563 122915.0341 129357.4723 137781.8036 138805.1041 143135.9858 144723.4894 146144.7715 148648.0192 149786.6116 150427.5893 151508.2183 151702.0687 151869.6855 152196.2939 152364.7475 152889.1131 153204.4055 153656.0153 155973.1900 156899.6493 157204.2781 168204.0879 168632.8858 173215.7864 174885.0282 181086.3394 184372.1123 194742.5188 212427.7397 223725.6730 227695.3261 229959.6588 245800.8615 261018.1097 284210.3707 331058.7108 365517.4706 403705.6301 469858.9792 504733.8097 648515.9045 783272.2672 943009.3334 978939.7668 1067650.502 1319747.521 1443866.562 1491256.906 1995744.259 2320535.415 2673384.191 3236405.383 3607748.910 4802768.940 9417362.449 12471501.05 17966931.19 35251545.35 39305559.57 43722627.40 56083914.72 72131507.55 87035716.51 109437804.3 166372327.1 1149557062.
