    unsorted:	 133162.2784 5824.096946 -0.000000000
      sorted:	 -0.000000000 5824.096946 133162.2784
